0 0.49169921875 0.3131868131868132 0.0419921875 0.10915750915750916
0 0.39111328125 0.9102564102564102 0.0947265625 0.034432234432234435
0 0.302734375 0.908058608058608 0.078125 0.03882783882783883
0 0.47265625 0.8641025641025641 0.0625 0.05787545787545788
0 0.4921875 0.7959706959706959 0.05859375 0.08278388278388278
0 0.4345703125 0.7311355311355311 0.08203125 0.05567765567765568
0 0.30322265625 0.7238095238095238 0.1708984375 0.07326007326007326
0 0.37255859375 0.4545787545787546 0.1572265625 0.36117216117216117
0 0.46630859375 0.22087912087912087 0.0869140625 0.041758241758241756
0 0.39892578125 0.24322344322344322 0.0712890625 0.035164835164835165
0 0.34130859375 0.947985347985348 0.1630859375 0.04542124542124542
0 0.5334178664921465 0.5873252402048214 0.05902323298429313 0.3476938419346796
