0 0.9216117216117216 0.83544921875 0.09377289377289377 0.0673828125
0 0.4146520146520147 0.3125 0.041025641025641026 0.044921875
0 0.36996336996337 0.302734375 0.0380952380952381 0.064453125
0 0.39084249084249084 0.26513671875 0.05201465201465202 0.0849609375
0 0.2923076923076923 0.27685546875 0.04542124542124542 0.0478515625
0 0.3120879120879121 0.16455078125 0.02197802197802198 0.0439453125
0 0.5501831501831502 0.0419921875 0.011721611721611722 0.025390625
0 0.532967032967033 0.0322265625 0.01098901098901099 0.015625
0 0.5194139194139195 0.1181640625 0.05274725274725275 0.087890625
0 0.39816849816849814 0.1181640625 0.030036630036630037 0.041015625
0 0.8095238095238095 0.82568359375 0.12893772893772895 0.0771484375
0 0.36666666666666664 0.4609375 0.05347985347985348 0.076171875
0 0.4307692307692308 0.1943359375 0.0380952380952381 0.064453125
0 0.38754578754578756 0.1796875 0.04249084249084249 0.046875
0 0.2684981684981685 0.22900390625 0.046153846153846156 0.0810546875
0 0.43846153846153846 0.1240234375 0.041758241758241756 0.04296875
0 0.4157509157509158 0.66015625 0.6864468864468865 0.41796875
0 0.34505494505494505 0.4833984375 0.02197802197802198 0.037109375
0 0.40586080586080586 0.38330078125 0.0336996336996337 0.0634765625
0 0.3626373626373626 0.37109375 0.04395604395604396 0.048828125
0 0.4827838827838828 0.33056640625 0.017582417582417582 0.0419921875
0 0.49230769230769234 0.2900390625 0.020512820512820513 0.033203125
0 0.5014652014652015 0.2216796875 0.03882783882783883 0.046875
0 0.5076923076923077 0.1533203125 0.0336996336996337 0.060546875
