0 0.3120879120879121 0.515625 0.14505494505494507 0.0703125
0 0.5864468864468865 0.5595703125 0.3802197802197802 0.142578125
0 0.865934065934066 0.6064453125 0.1523809523809524 0.07421875
0 0.10402930402930403 0.58056640625 0.01904761904761905 0.0380859375
0 0.13882783882783883 0.60595703125 0.05787545787545788 0.0283203125
0 0.1838827838827839 0.5927734375 0.03076923076923077 0.03125
0 0.2021978021978022 0.57275390625 0.017582417582417582 0.0283203125
0 0.8010989010989011 0.720703125 0.3435897435897436 0.083984375
0 0.11794871794871795 0.517578125 0.02197802197802198 0.02734375
0 0.147985347985348 0.49609375 0.01904761904761905 0.0234375
0 0.18278388278388277 0.498046875 0.02271062271062271 0.0234375
0 0.20512820512820512 0.51904296875 0.02197802197802198 0.0263671875
0 0.8487179487179487 0.53173828125 0.14871794871794872 0.0693359375
0 0.304029304029304 0.59228515625 0.15384615384615385 0.0791015625
