0 0.59912109375 0.8677655677655678 0.0654296875 0.041758241758241756
0 0.7041015625 0.8586080586080586 0.1015625 0.04395604395604396
0 0.6376953125 0.9036630036630037 0.07421875 0.040293040293040296
0 0.74609375 0.8945054945054945 0.078125 0.04249084249084249
0 0.46653238932291663 0.9602564102564103 0.2486572265625 0.03772893772893773
0 0.7109375 0.6113553113553114 0.14453125 0.09304029304029304
0 0.71142578125 0.676923076923077 0.2099609375 0.08644688644688645
0 0.619140625 0.7128205128205128 0.0546875 0.0336996336996337
0 0.68896484375 0.7230769230769231 0.0732421875 0.0336996336996337
0 0.7548828125 0.7322344322344322 0.046875 0.0315018315018315
0 0.8076171875 0.7388278388278389 0.046875 0.0315018315018315
0 0.3720703125 0.9113553113553113 0.369140625 0.11135531135531136
