0 0.65771484375 0.6747252747252748 0.1533203125 0.0380952380952381
0 0.48325327280405417 0.6706959706959706 0.1904296875 0.04468864468864469
0 0.66455078125 0.6190476190476191 0.3330078125 0.07765567765567766
0 0.57861328125 0.865934065934066 0.3037109375 0.0380952380952381
0 0.703125 0.8296703296703297 0.056640625 0.027106227106227107
0 0.626953125 0.828937728937729 0.0625 0.027106227106227107
0 0.54736328125 0.8282051282051283 0.0595703125 0.027106227106227107
0 0.46923828125 0.8267399267399267 0.0595703125 0.024175824175824177
0 0.39013671875 0.8252747252747252 0.0595703125 0.02857142857142857
0 0.37353515625 0.6113553113553114 0.2255859375 0.07252747252747253
0 0.55126953125 0.45054945054945056 0.2197265625 0.03956043956043956
