0 0.5571030640668524 0.94287109375 0.012999071494893221 0.0458984375
0 0.7163416898792944 0.923828125 0.013927576601671309 0.025390625
0 0.7298050139275766 0.94970703125 0.02414113277623027 0.0263671875
0 0.9057567316620242 0.9326171875 0.034354688950789226 0.021484375
0 0.9368616527390901 0.927734375 0.031569173630454965 0.01953125
0 0.7209842154131848 0.865234375 0.03064066852367688 0.015625
0 0.554728391714119 0.81103515625 0.016713091922005572 0.0205078125
0 0.5571030640668524 0.85595703125 0.011142061281337047 0.0380859375
0 0.5399257195914577 0.9345703125 0.013927576601671309 0.119140625
0 0.6843082636954503 0.84814453125 0.02414113277623027 0.0146484375
0 0.7163416898792944 0.84326171875 0.039925719591457756 0.0263671875
0 0.6912720519962859 0.86474609375 0.03064066852367688 0.0146484375
0 0.7075208913649025 0.8876953125 0.057567316620241414 0.025390625
0 0.8351903435468895 0.93115234375 0.10863509749303621 0.0712890625
0 0.7460538532961931 0.2646484375 0.32404828226555243 0.1328125
0 0.5835654596100278 0.9296875 0.039925719591457756 0.140625
0 0.5362116991643454 0.80908203125 0.019498607242339833 0.0205078125
0 0.5561745589600743 0.89794921875 0.012999071494893221 0.0419921875
0 0.28690807799442897 0.18896484375 0.5143918291550603 0.1708984375
0 0.3630454967502321 0.29443359375 0.07799442896935933 0.0556640625
0 0.4554317548746518 0.30615234375 0.06963788300835655 0.0537109375
0 0.659238625812442 0.333984375 0.07799442896935933 0.060546875
0 0.5770659238625813 0.3251953125 0.0436397400185701 0.048828125
0 0.5784586815227484 0.80908203125 0.029712163416898793 0.0361328125
0 0.5793871866295265 0.84130859375 0.029712163416898793 0.0341796875
