0 0.611328125 0.810989010989011 0.744140625 0.1391941391941392
0 0.31689453125 0.2424908424908425 0.0908203125 0.44981684981684983
0 0.77587890625 0.6377289377289377 0.0283203125 0.009523809523809525
0 0.53759765625 0.6468864468864469 0.0263671875 0.008791208791208791
0 0.05517578125 0.8864468864468864 0.0712890625 0.0380952380952381
0 0.14404296875 0.5633699633699634 0.1083984375 0.38974358974358975
0 0.07421875 0.32344322344322346 0.03515625 0.01391941391941392
0 0.0771484375 0.3117216117216117 0.03125 0.012454212454212455
0 0.17529296875 0.2663003663003663 0.0224609375 0.03882783882783883
0 0.03152399955035971 0.8453052942261575 0.064453125 0.04249084249084249
