0 0.59814453125 0.41794871794871796 0.3115234375 0.05054945054945055
0 0.599609375 0.46996336996336996 0.314453125 0.05347985347985348
0 0.59619140625 0.5186813186813187 0.3095703125 0.05274725274725275
0 0.59326171875 0.5681318681318681 0.3095703125 0.054945054945054944
0 0.5908203125 0.617948717948718 0.3125 0.05347985347985348
0 0.58984375 0.6684981684981685 0.30859375 0.054945054945054944
0 0.67919921875 0.04285714285714286 0.4931640625 0.08571428571428572
0 0.67529296875 0.7728937728937729 0.5107421875 0.10695970695970695
0 0.55859375 0.3641025641025641 0.234375 0.054212454212454214
0 0.69189453125 0.24871794871794872 0.5146484375 0.1076923076923077
