0 0.7374542124542125 0.459228515625 0.40787545787545787 0.24462890625
0 0.46776556776556777 0.251953125 0.8227106227106227 0.224609375
0 0.8681318681318682 0.72509765625 0.14945054945054945 0.0791015625
0 0.9073260073260073 0.23681640625 0.06227106227106227 0.1787109375
0 0.29194139194139196 0.4833984375 0.47985347985347987 0.24609375
0 0.2759932375316991 0.6563294876453488 0.42011834319526625 0.10921602470930236
0 0.6117216117216118 0.64208984375 0.2021978021978022 0.0986328125
0 0.8333333333333334 0.6357421875 0.2043956043956044 0.09765625
0 0.35018315018315016 0.7412109375 0.5655677655677656 0.08984375
0 0.7139194139194139 0.73095703125 0.13992673992673993 0.0810546875
0 0.4128205128205128 0.8369140625 0.7025641025641025 0.142578125
0 0.826007326007326 0.85693359375 0.12234432234432234 0.0498046875
0 0.9205128205128205 0.85498046875 0.0652014652014652 0.0458984375
0 0.8567404426559356 0.7967993507922535 0.18688541505442904 0.048676826584507116
