0 0.22412109375 0.9326007326007326 0.0888671875 0.0336996336996337
0 0.177734375 0.8897435897435897 0.205078125 0.07252747252747253
0 0.158203125 0.9725274725274725 0.193359375 0.054945054945054944
0 0.345703125 0.8406593406593407 0.087890625 0.12087912087912088
0 0.671875 0.7205128205128205 0.35546875 0.1076923076923077
0 0.380859375 0.9424908424908425 0.162109375 0.10183150183150183
0 0.65380859375 0.7908424908424908 0.3896484375 0.12380952380952381
0 0.24560546875 0.6597069597069597 0.2724609375 0.41684981684981687
0 0.119140625 0.9139194139194139 0.08984375 0.03296703296703297
0 0.73681640625 0.4443223443223443 0.3798828125 0.432967032967033
0 0.81005859375 0.13113553113553114 0.3798828125 0.17875457875457876
0 0.6443593199823944 0.839514007119641 0.38315636003521125 0.1026569674456998
