0 0.65869140625 0.04725274725274725 0.0419921875 0.012454212454212455
0 0.70849609375 0.046153846153846156 0.0673828125 0.011721611721611722
0 0.67529296875 0.09377289377289377 0.0283203125 0.005860805860805861
0 0.70556640625 0.09340659340659341 0.0263671875 0.006593406593406593
0 0.27783203125 0.05311355311355311 0.0166015625 0.06666666666666667
0 0.97998046875 0.21355311355311354 0.0048828125 0.005128205128205128
0 0.515625 0.5230769230769231 0.2734375 0.7208791208791209
0 0.9599609375 0.21575091575091576 0.0234375 0.00805860805860806
0 0.96728515625 0.06336996336996337 0.0556640625 0.012454212454212455
0 0.9833984375 0.04945054945054945 0.029296875 0.012454212454212455
0 0.03271484375 0.189010989010989 0.0322265625 0.007326007326007326
