0 0.39453125 0.9498168498168498 0.1328125 0.05347985347985348
0 0.54833984375 0.9468864468864469 0.1279296875 0.05201465201465202
0 0.79248046875 0.9421245421245421 0.3115234375 0.05714285714285714
0 0.7021484375 0.2827838827838828 0.103515625 0.02197802197802198
0 0.7880859375 0.2835164835164835 0.068359375 0.020512820512820513
0 0.8701171875 0.2813186813186813 0.09375 0.017582417582417582
0 0.08203125 0.9556776556776557 0.115234375 0.05934065934065934
0 0.23388671875 0.9516483516483516 0.1298828125 0.05714285714285714
0 0.47412109375 0.8340659340659341 0.9384765625 0.1706959706959707
0 0.4228515625 0.24725274725274726 0.439453125 0.1282051282051282
0 0.787109375 0.3153846153846154 0.2734375 0.035897435897435895
0 0.78125 0.247985347985348 0.255859375 0.047619047619047616
