0 0.9065420560747663 0.9765625 0.10841121495327102 0.046875
0 0.8154205607476636 0.970703125 0.03457943925233645 0.041015625
0 0.7635514018691589 0.828125 0.102803738317757 0.05078125
0 0.3920560747663551 0.86328125 0.6813084112149532 0.2734375
0 0.8733644859813084 0.65966796875 0.1 0.1279296875
0 0.8551401869158879 0.60546875 0.03364485981308411 0.046875
0 0.8303738317757009 0.63525390625 0.012149532710280374 0.0224609375
0 0.8098130841121496 0.44482421875 0.14672897196261683 0.3232421875
0 0.7051401869158879 0.24336837876773054 0.025233644859813085 0.04785156250000003
0 0.8635514018691589 0.6302291112588653 0.059813084112149535 0.083984375
0 0.49672897196261684 0.7353515625 0.03271028037383177 0.015625
