0 0.23193359375 0.37765567765567765 0.0185546875 0.009523809523809525
0 0.2392578125 0.3161172161172161 0.013671875 0.02857142857142857
0 0.16357421875 0.45567765567765567 0.0146484375 0.05567765567765568
0 0.21533203125 0.47435897435897434 0.0322265625 0.005128205128205128
0 0.23046875 0.3974358974358974 0.017578125 0.0315018315018315
0 0.22314453125 0.315018315018315 0.0146484375 0.029304029304029304
0 0.23095703125 0.3516483516483517 0.0166015625 0.04249084249084249
0 0.84033203125 0.4267399267399267 0.0341796875 0.01684981684981685
0 0.45420063405797095 0.21108456760630673 0.0636888586956521 0.21340977862716987
0 0.4478317481884057 0.4276795668100016 0.05661231884057971 0.1985454159367203
0 0.43792459239130427 0.6336571640919466 0.06510416666666663 0.19642193555237034
0 0.431555706521739 0.8417582417582418 0.08633378623188404 0.21128629824281997
