0 0.7212454212454212 0.63623046875 0.05641025641025641 0.3017578125
0 0.5443223443223443 0.76171875 0.21684981684981686 0.103515625
0 0.2706959706959707 0.64013671875 0.060805860805860805 0.2939453125
0 0.36336996336996336 0.63818359375 0.060073260073260075 0.2939453125
0 0.8106227106227106 0.3369140625 0.0989010989010989 0.158203125
0 0.29926739926739926 0.3408203125 0.0945054945054945 0.154296875
0 0.17875457875457876 0.6416015625 0.063003663003663 0.296875
0 0.5476190476190477 0.34033203125 0.34212454212454213 0.1162109375
0 0.5435897435897435 0.49560546875 0.2153846153846154 0.0947265625
0 0.5457875457875457 0.62841796875 0.21831501831501832 0.1005859375
0 0.9146520146520146 0.634765625 0.06227106227106227 0.298828125
0 0.8175824175824176 0.63623046875 0.05714285714285714 0.2939453125
