0 0.5078125 0.9263196480938416 0.109375 0.04618768328445748
0 0.14501953125 0.9791055718475073 0.0322265625 0.019794721407624633
0 0.18017578125 0.9783724340175953 0.0341796875 0.019794721407624633
0 0.07861328125 0.9824046920821115 0.0302734375 0.017595307917888565
0 0.123046875 0.9512463343108505 0.119140625 0.041788856304985335
0 0.04736328125 0.9655425219941349 0.0263671875 0.04252199413489736
0 0.158203125 0.8240469208211144 0.029296875 0.03372434017595308
0 0.16455078125 0.7873900293255132 0.0283203125 0.03372434017595308
0 0.1826171875 0.8273460410557185 0.029296875 0.0344574780058651
0 0.18896484375 0.7914222873900293 0.0283203125 0.0344574780058651
0 0.1806640625 0.7456011730205279 0.060546875 0.060117302052785926
0 0.197265625 0.658724340175953 0.0625 0.11070381231671554
0 0.20361328125 0.5865102639296188 0.0615234375 0.04252199413489736
0 0.8173828125 0.2932551319648094 0.0859375 0.3460410557184751
0 0.80615234375 0.5637829912023461 0.0830078125 0.18621700879765396
0 0.8154296875 0.7324046920821115 0.037109375 0.15835777126099707
0 0.77734375 0.7243401759530792 0.044921875 0.16422287390029325
0 0.7919921875 0.8137829912023461 0.02734375 0.016129032258064516
0 0.6943359375 0.6942815249266863 0.01953125 0.021994134897360705
0 0.94873046875 0.874633431085044 0.0439453125 0.12609970674486803
0 0.88916015625 0.8782991202346041 0.0400390625 0.1217008797653959
0 0.83251953125 0.8848973607038123 0.0419921875 0.1187683284457478
0 0.748046875 0.8797653958944281 0.03125 0.0718475073313783
0 0.7138671875 0.874266862170088 0.033203125 0.07258064516129033
0 0.677734375 0.8691348973607038 0.033203125 0.07404692082111437
0 0.64306640625 0.8643695014662757 0.0380859375 0.07624633431085044
0 0.5654296875 0.9402492668621701 0.025390625 0.013929618768328446
0 0.59912109375 0.9380498533724341 0.0302734375 0.012463343108504398
0 0.1669921875 0.8497067448680352 0.072265625 0.021994134897360705
0 0.2216796875 0.9450146627565983 0.0703125 0.039589442815249266
0 0.11083984375 0.9813049853372434 0.0322265625 0.018328445747800588
0 0.22265625 0.9780058651026393 0.044921875 0.013196480938416423
