0 0.484375 0.566044029352902 0.55078125 0.0913942628418946
0 0.966796875 0.3645763842561708 0.03515625 0.02601734489659773
0 0.384765625 0.8268845897264844 0.134765625 0.03669112741827885
0 0.5517578125 0.8645763842561708 0.419921875 0.05470313542361575
0 0.65380859375 0.8182121414276184 0.1357421875 0.03135423615743829
0 0.87109375 0.7991994663108739 0.154296875 0.050700466977985324
0 0.8701171875 0.8552368245496998 0.21875 0.049366244162775186
0 0.95751953125 0.9006004002668445 0.0791015625 0.06804536357571714
0 0.88818359375 0.5533689126084056 0.1025390625 0.03669112741827885
0 0.53662109375 0.7901934623082054 0.0966796875 0.052701801200800535
0 0.8388671875 0.7595063375583723 0.15625 0.0513675783855904
0 0.76171875 0.8145430286857905 0.068359375 0.028018679119412943
