0 0.44189453125 0.6293040293040293 0.1806640625 0.04542124542124542
0 0.7469075520833333 0.6218559218559218 0.42545572916666663 0.05006105006105009
0 0.2578125 0.6831501831501832 0.046875 0.040293040293040296
0 0.34326171875 0.680952380952381 0.0947265625 0.040293040293040296
0 0.44921875 0.6791208791208792 0.08984375 0.04249084249084249
0 0.533203125 0.676923076923077 0.044921875 0.04249084249084249
0 0.595703125 0.6758241758241759 0.048828125 0.041758241758241756
0 0.68359375 0.6736263736263737 0.09375 0.04322344322344322
0 0.951171875 0.71013431013431 0.029296875 0.03223443223443224
0 0.8992513020833334 0.7158730158730159 0.0634765625 0.03443223443223435
0 0.8308919270833334 0.7130647130647131 0.06477864583333326 0.035164835164835165
0 0.7732747395833334 0.7157509157509158 0.04524739583333348 0.028815628815628762
0 0.71923828125 0.7124542124542125 0.0537109375 0.030036630036630037
0 0.66455078125 0.7135531135531136 0.0458984375 0.029304029304029304
0 0.61572265625 0.7140415140415141 0.0439453125 0.03028083028083031
0 0.56640625 0.7153846153846154 0.048828125 0.02857142857142857
0 0.5021158854166666 0.7175824175824176 0.0439453125 0.028083028083027945
0 0.44222005208333337 0.7241758241758242 0.050455729166666685 0.027106227106227107
0 0.32666015625 0.7221001221001222 0.0498046875 0.023931623931623906
0 0.27001953125 0.7208791208791209 0.0537109375 0.029304029304029304
0 0.37679036458333337 0.7192918192918193 0.044596354166666685 0.02808302808302811
0 0.9130859375 0.6684981684981685 0.1015625 0.04322344322344322
0 0.7952473958333333 0.671062271062271 0.10091145833333337 0.04395604395604396
0 0.3115234375 0.6329670329670329 0.07421875 0.04249084249084249
