0 0.43505859375 0.6780219780219781 0.0810546875 0.1838827838827839
0 0.38916015625 0.3391941391941392 0.1142578125 0.24468864468864468
0 0.3916015625 0.18021978021978022 0.26953125 0.08937728937728938
0 0.38623046875 0.5465201465201465 0.3115234375 0.041025641025641026
0 0.38232421875 0.5142857142857142 0.3037109375 0.035164835164835165
0 0.38330078125 0.4826567372021917 0.3173828125 0.03663003663003663
0 0.71044921875 0.4545787545787546 0.1123046875 0.054945054945054944
0 0.6181640625 0.44761904761904764 0.029296875 0.063003663003663
0 0.71435546875 0.40476190476190477 0.1416015625 0.02564102564102564
0 0.27294921875 0.8864468864468864 0.0478515625 0.13333333333333333
0 0.345703125 0.798901098901099 0.083984375 0.3098901098901099
