0 0.4130859375 0.6571428571428571 0.4140625 0.1772893772893773
0 0.42529296875 0.7296703296703296 0.1474609375 0.06593406593406594
0 0.53271484375 0.7509157509157509 0.0556640625 0.046886446886446886
0 0.59375 0.763003663003663 0.05078125 0.04322344322344322
0 0.27294921875 0.7465201465201465 0.1396484375 0.06446886446886448
0 0.48486328125 0.784981684981685 0.2744140625 0.08864468864468865
0 0.8095703125 0.726007326007326 0.03125 0.060073260073260075
0 0.23974609375 0.6952380952380952 0.0693359375 0.054212454212454214
0 0.31201171875 0.7084249084249085 0.0654296875 0.05128205128205128
0 0.4112745715725806 0.8143329788491078 0.4079196068548387 0.10320217416991602
