0 0.4677734375 0.12417582417582418 0.5078125 0.13553113553113552
0 0.16357421875 0.12783882783882783 0.0771484375 0.12527472527472527
0 0.26220703125 0.23663003663003662 0.2060546875 0.0380952380952381
0 0.58203125 0.31868131868131866 0.248046875 0.07179487179487179
0 0.5791015625 0.2402930402930403 0.20703125 0.0380952380952381
0 0.25537109375 0.3120879120879121 0.2314453125 0.07032967032967033
0 0.2427642101377952 0.6898214646246142 0.11523437499999997 0.014652014652014652
0 0.42626953125 0.6388278388278388 0.5302734375 0.12893772893772895
0 0.42724609375 0.5018315018315018 0.5615234375 0.13772893772893774
0 0.17578125 0.3860805860805861 0.03125 0.060073260073260075
0 0.451171875 0.39377289377289376 0.4921875 0.073992673992674
