0 0.1484375 0.10659340659340659 0.03125 0.0695970695970696
0 0.01416015625 0.16373626373626374 0.0224609375 0.11208791208791209
0 0.3515625 0.46263736263736266 0.046875 0.23663003663003662
0 0.28173828125 0.4758241758241758 0.0654296875 0.24102564102564103
0 0.494140625 0.09926739926739926 0.6484375 0.10622710622710622
0 0.5302734375 0.45714285714285713 0.107421875 0.25054945054945055
0 0.87109375 0.29523809523809524 0.146484375 0.2695970695970696
0 0.8837890625 0.11611721611721612 0.125 0.04468864468864469
0 0.89111328125 0.06483516483516484 0.1279296875 0.047619047619047616
0 0.63134765625 0.46923076923076923 0.1181640625 0.263003663003663
