0 0.4706533776301218 0.3836754643206256 0.15503875968992248 0.12609970674486803
0 0.7729789590254706 0.375366568914956 0.43078626799557035 0.2873900293255132
0 0.18300110741971207 0.8196480938416423 0.3283499446290144 0.16129032258064516
0 0.24197120708748615 0.9437927663734116 0.19158361018826134 0.10654936461388075
0 0.4260797342192691 0.8289345063538612 0.1079734219269103 0.05083088954056696
0 0.7358803986710963 0.7541544477028348 0.4529346622369878 0.17888563049853373
0 0.6619601328903655 0.9090909090909091 0.2718715393133998 0.11730205278592376
0 0.014950166112956811 0.655425219941349 0.021040974529346623 0.03616813294232649
0 0.26135105204872644 0.4843597262952102 0.24141749723145073 0.23558162267839688
0 0.46816168327796237 0.5034213098729228 0.1566998892580288 0.1270772238514174
0 0.6317829457364341 0.5557184750733137 0.09856035437430787 0.05767350928641251
0 0.8372093023255814 0.52297165200391 0.2513842746400886 0.08602150537634409
0 0.07641196013289037 0.9560117302052786 0.12403100775193798 0.08797653958944282
0 0.3817829457364341 0.7678396871945259 0.04595791805094131 0.08308895405669599
0 0.4736987818383167 0.7551319648093842 0.04595791805094131 0.024437927663734114
0 0.4263565891472868 0.8719452590420332 0.13842746400885936 0.056695992179863146
0 0.42497231450719825 0.916911045943304 0.0902547065337763 0.03714565004887586
0 0.42441860465116277 0.9467253176930597 0.07585825027685493 0.03421309872922776
0 0.8875968992248062 0.8924731182795699 0.1362126245847176 0.10948191593352884
