0 0.27685546875 0.4897435897435897 0.2783203125 0.06666666666666667
0 0.68115234375 0.4391941391941392 0.1689453125 0.04908424908424908
0 0.5499482996323529 0.42986425339366513 0.08329503676470584 0.029088558500323235
0 0.3137110150049603 0.4027269027269027 0.364835224454365 0.07041107041107039
0 0.47208955862226276 0.32760086628699764 0.14703324589416056 0.06028715809737703
0 0.4716796875 0.16996336996336997 0.486328125 0.25347985347985347
0 0.3646252818943299 0.7587968732298629 0.03589118878865982 0.021623050489029832
0 0.6366644965277778 0.586975986975987 0.23817274305555558 0.06332926332926334
0 0.6431206597222222 0.6517297517297517 0.24913194444444442 0.0624338624338624
0 0.63818359375 0.5238095238095238 0.2451171875 0.06446886446886448
0 0.16748046875 0.7201465201465201 0.0654296875 0.02490842490842491
0 0.24025858729338842 0.7247298156389066 0.06940857438016529 0.0217963854327491
0 0.31201171875 0.7249084249084249 0.0595703125 0.024175824175824177
0 0.23783735795454547 0.7568189386371206 0.07102272727272729 0.0217963854327491
0 0.23864443440082644 0.7910271546635184 0.07102272727272729 0.017558199376381065
0 0.16650390625 0.7534798534798535 0.0634765625 0.02564102564102564
0 0.1640625 0.7871794871794872 0.060546875 0.02564102564102564
0 0.31396484375 0.7575091575091575 0.0576171875 0.02490842490842491
0 0.31005859375 0.7904761904761904 0.0576171875 0.026373626373626374
0 0.36572265625 0.7263736263736263 0.0341796875 0.021245421245421246
0 0.3671875 0.7912087912087912 0.037109375 0.020512820512820513
0 0.5186298076923077 0.7350662158354465 0.1893028846153847 0.03169907016060867
0 0.27587890625 0.63003663003663 0.2900390625 0.07032967032967033
0 0.208984375 0.5571428571428572 0.14453125 0.05787545787545788
0 0.5117938701923077 0.765229642152719 0.1756310096153847 0.03144547759932374
0 0.49448795908505155 0.7941391941391941 0.12954051224226804 0.026464257392092308
0 0.578125 0.8007326007326008 0.025390625 0.01611721611721612
0 0.6801556459407216 0.8017786337373967 0.16594515141752586 0.027045806427249706
