0 0.75244140625 0.5476190476190477 0.0673828125 0.1663003663003663
0 0.40771484375 0.5413919413919414 0.0771484375 0.18461538461538463
0 0.5 0.5432234432234432 0.072265625 0.1794871794871795
0 0.58642578125 0.5439560439560439 0.0751953125 0.17509157509157508
0 0.6728515625 0.5461538461538461 0.068359375 0.16923076923076924
0 0.2087204391891892 0.53996633996634 0.08182010135135143 0.19186219186219186
0 0.47628536739864863 0.6697257697257697 0.6275073902027027 0.05153945153945154
0 0.4931640625 0.33516483516483514 0.59375 0.22197802197802197
0 0.47802734375 0.147985347985348 0.4345703125 0.14945054945054945
0 0.3095703125 0.541025641025641 0.08203125 0.1838827838827839
