0 0.9033203125 0.9432234432234432 0.0546875 0.024175824175824177
0 0.1044921875 0.22124542124542124 0.0625 0.08058608058608059
0 0.96533203125 0.9428571428571428 0.0654296875 0.02490842490842491
0 0.78759765625 0.034432234432234435 0.0361328125 0.011721611721611722
0 0.5322265625 0.2043956043956044 0.482421875 0.08058608058608059
0 0.41824959150326796 0.28363858363858363 0.5396241830065359 0.07887667887667889
0 0.41523054534313725 0.3457827575474634 0.4984298406862745 0.0556872321578204
0 0.525390625 0.8692307692307693 0.443359375 0.12673992673992673
0 0.1640625 0.06336996336996337 0.02734375 0.03882783882783883
0 0.51513671875 0.04945054945054945 0.0283203125 0.03882783882783883
0 0.16455078125 0.05531135531135531 0.0224609375 0.018315018315018316
