0 0.8626373626373627 0.66455078125 0.21904761904761905 0.0888671875
0 0.35421245421245423 0.8828125 0.034432234432234435 0.06640625
0 0.4010989010989011 0.88330078125 0.0315018315018315 0.0654296875
0 0.4468864468864469 0.884765625 0.03223443223443224 0.068359375
0 0.4948717948717949 0.88525390625 0.0315018315018315 0.0693359375
0 0.5417582417582417 0.8857421875 0.0315018315018315 0.068359375
0 0.941025641025641 0.52587890625 0.07252747252747253 0.0478515625
0 0.6695970695970695 0.48388671875 0.19487179487179487 0.0478515625
0 0.42124542124542125 0.48681640625 0.23736263736263735 0.0673828125
0 0.589010989010989 0.88671875 0.03223443223443224 0.06640625
0 0.48131868131868133 0.99365234375 0.020512820512820513 0.0107421875
0 0.39304029304029303 0.95166015625 0.02857142857142857 0.0068359375
0 0.42967032967032964 0.9521484375 0.030036630036630037 0.005859375
0 0.1641025641025641 0.802734375 0.03663003663003663 0.01953125
0 0.5340659340659341 0.3984375 0.4673992673992674 0.12109375
0 0.7498168498168498 0.541015625 0.2805860805860806 0.068359375
