0 0.3154296875 0.7747252747252747 0.017578125 0.01098901098901099
0 0.08642578125 0.904029304029304 0.0888671875 0.023443223443223443
0 0.0927734375 0.8835164835164835 0.087890625 0.02197802197802198
0 0.50634765625 0.3322344322344322 0.9423828125 0.3728937728937729
0 0.0263671875 0.7776556776556777 0.048828125 0.08571428571428572
0 0.9052734375 0.7289377289377289 0.02734375 0.013186813186813187
0 0.88330078125 0.7663003663003664 0.0126953125 0.01904761904761905
0 0.91455078125 0.764102564102564 0.0458984375 0.01904761904761905
0 0.90478515625 0.7893772893772893 0.0263671875 0.005128205128205128
0 0.90673828125 0.7512820512820513 0.0283203125 0.006593406593406593
