0 0.34716796875 0.865934065934066 0.2216796875 0.13626373626373625
0 0.1357421875 0.8553113553113553 0.150390625 0.07692307692307693
0 0.52587890625 0.9355311355311355 0.1240234375 0.041025641025641026
0 0.66650390625 0.9531135531135531 0.1181640625 0.03956043956043956
0 0.58740234375 0.8772893772893773 0.2666015625 0.10915750915750916
0 0.2705078125 0.441025641025641 0.03515625 0.12307692307692308
0 0.20556640625 0.3534798534798535 0.0927734375 0.3054945054945055
0 0.22900390625 0.16043956043956045 0.1533203125 0.07912087912087912
0 0.26708984375 0.28498168498168497 0.0361328125 0.11428571428571428
0 0.22216796875 0.5311355311355311 0.1494140625 0.046886446886446886
0 0.22021484375 0.5534798534798535 0.1650390625 0.047619047619047616
