0 0.6531135531135531 0.83056640625 0.054945054945054944 0.0400390625
0 0.6531135531135531 0.79150390625 0.05641025641025641 0.0400390625
0 0.504029304029304 0.7744140625 0.07472527472527472 0.025390625
0 0.37032967032967035 0.8271484375 0.0945054945054945 0.021484375
0 0.30256410256410254 0.82568359375 0.0336996336996337 0.0185546875
0 0.25934065934065936 0.8251953125 0.04542124542124542 0.01953125
0 0.17435897435897435 0.77685546875 0.07326007326007326 0.0283203125
0 0.11391941391941392 0.771484375 0.07252747252747253 0.033203125
0 0.4827838827838828 0.53564453125 0.04395604395604396 0.0634765625
0 0.31648351648351647 0.52392578125 0.03076923076923077 0.0595703125
0 0.22564102564102564 0.5234375 0.054212454212454214 0.07421875
0 0.5776556776556776 0.97412109375 0.006593406593406593 0.0068359375
0 0.5703296703296703 0.9736328125 0.006593406593406593 0.005859375
0 0.15128205128205127 0.80615234375 0.06813186813186813 0.0166015625
0 0.3201465201465201 0.783203125 0.1934065934065934 0.06640625
0 0.5007326007326007 0.79931640625 0.07692307692307693 0.0244140625
0 0.4989010989010989 0.82421875 0.07912087912087912 0.02734375
0 0.952014652014652 0.7978515625 0.054945054945054944 0.046875
0 0.20183150183150184 0.80810546875 0.03882783882783883 0.0146484375
0 0.9545787545787546 0.85205078125 0.05714285714285714 0.0478515625
0 0.07142857142857142 0.8154296875 0.02857142857142857 0.05859375
0 0.056043956043956046 0.77294921875 0.015384615384615385 0.0263671875
0 0.044322344322344324 0.744140625 0.01978021978021978 0.037109375
0 0.7025641025641025 0.81396484375 0.0336996336996337 0.1005859375
