0 0.554945054945055 0.5107421875 0.2937728937728938 0.072265625
0 0.3347985347985348 0.51220703125 0.11721611721611722 0.0732421875
0 0.4901098901098901 0.45849609375 0.04395604395604396 0.0224609375
0 0.8717948717948718 0.5673828125 0.07765567765567766 0.03515625
0 0.784981684981685 0.568359375 0.07692307692307693 0.037109375
0 0.7014652014652014 0.5693359375 0.07545787545787545 0.033203125
0 0.6172161172161172 0.57080078125 0.07545787545787545 0.0341796875
0 0.5344322344322344 0.572265625 0.073992673992674 0.033203125
0 0.4490842490842491 0.57373046875 0.07472527472527472 0.0361328125
0 0.3641025641025641 0.57568359375 0.07472527472527472 0.0341796875
0 0.27875457875457876 0.57763671875 0.07545787545787545 0.0341796875
0 0.19194139194139195 0.57861328125 0.07765567765567766 0.0341796875
0 0.10476190476190476 0.5810546875 0.07912087912087912 0.037109375
