0 0.78955078125 0.319047619047619 0.0205078125 0.08717948717948718
0 0.85986328125 0.3054945054945055 0.0205078125 0.04249084249084249
0 0.7880859375 0.22783882783882783 0.037109375 0.02783882783882784
0 0.86181640625 0.23443223443223443 0.0263671875 0.03956043956043956
0 0.85986328125 0.36227106227106226 0.0322265625 0.00805860805860806
0 0.4296875 0.6655677655677655 0.5390625 0.12673992673992673
0 0.43896484375 0.18021978021978022 0.5146484375 0.1054945054945055
0 0.44091796875 0.25457875457875456 0.4892578125 0.01684981684981685
0 0.43115234375 0.2934065934065934 0.2548828125 0.03296703296703297
0 0.42724609375 0.3901098901098901 0.4814453125 0.11648351648351649
0 0.4383680555555556 0.5283446712018142 0.5447048611111112 0.12012326298040585
0 0.4228515625 0.7948717948717948 0.537109375 0.07472527472527472
