0 0.24954710144927533 0.581711525189786 0.22956295289855067 0.8205659075224291
0 0.03125 0.47692307692307695 0.037109375 0.08498168498168499
0 0.04052734375 0.6421245421245422 0.0439453125 0.024175824175824177
0 0.017578125 0.7589743589743589 0.03515625 0.017582417582417582
0 0.017578125 0.7754578754578755 0.03515625 0.018315018315018316
0 0.03369140625 0.8252747252747252 0.0537109375 0.01391941391941392
0 0.0478515625 0.806959706959707 0.048828125 0.01684981684981685
0 0.0146484375 0.8095238095238095 0.017578125 0.013186813186813187
0 0.02490234375 0.7915750915750915 0.0205078125 0.015384615384615385
0 0.48259171195652173 0.4063438976482454 0.25033967391304346 0.7444816053511706
