0 0.4189453125 0.8622710622710623 0.125 0.020512820512820513
0 0.5205849095394737 0.8614613456718719 0.058747944078947345 0.01480624638519384
0 0.81982421875 0.8443223443223443 0.1259765625 0.01391941391941392
0 0.79736328125 0.7970695970695971 0.0810546875 0.014652014652014652
0 0.4921875 0.8117216117216117 0.423828125 0.07912087912087912
0 0.81103515625 0.810989010989011 0.1064453125 0.014652014652014652
0 0.79150390625 0.8300366300366301 0.0673828125 0.014652014652014652
0 0.3134765625 0.861904761904762 0.072265625 0.01978021978021978
0 0.5958487527412282 0.861050061050061 0.07697711074561397 0.015268941584731075
0 0.6719692297149124 0.86063877642825 0.058747944078947345 0.01480624638519384
