0 0.4388278388278388 0.61328125 0.09963369963369964 0.06640625
0 0.25384615384615383 0.66845703125 0.060805860805860805 0.0615234375
0 0.8238095238095238 0.6357421875 0.035897435897435895 0.064453125
0 0.4593406593406593 0.63671875 0.07032967032967033 0.103515625
0 0.7655677655677655 0.64111328125 0.02197802197802198 0.0263671875
0 0.7362637362637363 0.55419921875 0.02490842490842491 0.0205078125
0 0.563003663003663 0.5703125 0.02271062271062271 0.02734375
0 0.060073260073260075 0.6015625 0.06153846153846154 0.03125
0 0.643956043956044 0.7666015625 0.01904761904761905 0.021484375
0 0.6941391941391941 0.6533203125 0.018315018315018316 0.01953125
0 0.32783882783882784 0.646484375 0.05641025641025641 0.0234375
0 0.5765567765567765 0.7568359375 0.03663003663003663 0.048828125
0 0.3128205128205128 0.681640625 0.08351648351648351 0.04296875
0 0.6384615384615384 0.60498046875 0.306959706959707 0.0908203125
0 0.1945054945054945 0.7666015625 0.06666666666666667 0.078125
0 0.3758241758241758 0.60107421875 0.029304029304029304 0.0478515625
0 0.3871794871794872 0.677734375 0.047619047619047616 0.072265625
0 0.6553113553113553 0.70703125 0.32161172161172163 0.103515625
0 0.4421245421245421 0.71533203125 0.0945054945054945 0.0810546875
0 0.2827838827838828 0.75048828125 0.010256410256410256 0.0205078125
0 0.8161172161172161 0.68115234375 0.02490842490842491 0.0322265625
