0 0.57470703125 0.17252747252747253 0.0498046875 0.027106227106227107
0 0.03955078125 0.10036630036630037 0.0517578125 0.011721611721611722
0 0.85009765625 0.5065934065934066 0.2451171875 0.9868131868131869
0 0.21044921875 0.15934065934065933 0.1220703125 0.10183150183150183
0 0.4111328125 0.10842490842490843 0.1328125 0.10256410256410256
0 0.041015625 0.11465201465201465 0.037109375 0.018315018315018316
0 0.20068359375 0.4860805860805861 0.1181640625 0.08717948717948718
0 0.3916015625 0.5102564102564102 0.125 0.08864468864468865
0 0.35693359375 0.2205128205128205 0.2490234375 0.04395604395604396
0 0.3759765625 0.07673028725660304 0.05293996710526311 0.034702139965297855
0 0.29887952302631576 0.08174281858492384 0.05602384868421051 0.03470213996529785
