0 0.86279296875 0.9098254686489982 0.0263671875 0.11794871794871795
0 0.88232421875 0.9102564102564102 0.0263671875 0.11794871794871795
0 0.267578125 0.08388278388278388 0.044921875 0.01098901098901099
0 0.216796875 0.5274725274725275 0.0859375 0.054212454212454214
0 0.9033203125 0.7465201465201465 0.013671875 0.005860805860805861
0 0.90625 0.7736263736263737 0.013671875 0.004395604395604396
0 0.90771484375 0.8007326007326008 0.0146484375 0.005860805860805861
0 0.9091796875 0.8285714285714286 0.013671875 0.005860805860805861
0 0.9140625 0.8857142857142857 0.013671875 0.005860805860805861
0 0.9111328125 0.8571428571428571 0.013671875 0.005860805860805861
0 0.09912109375 0.7897435897435897 0.0224609375 0.026373626373626374
0 0.10107421875 0.7545787545787546 0.0224609375 0.026373626373626374
0 0.8077033547794118 0.9102564102564102 0.0263671875 0.11794871794871795
0 0.81689453125 0.7692307692307693 0.0244140625 0.11282051282051282
0 0.8349609375 0.7695970695970696 0.025390625 0.11208791208791209
0 0.85302734375 0.76996336996337 0.0263671875 0.11282051282051282
0 0.87109375 0.7692307692307693 0.02734375 0.11282051282051282
0 0.830078125 0.6974358974358974 0.103515625 0.02197802197802198
0 0.11962890625 0.8274725274725274 0.0634765625 0.02564102564102564
0 0.08203125 0.9062271062271062 0.029296875 0.12454212454212454
0 0.1220703125 0.9058608058608059 0.02734375 0.12527472527472527
0 0.14306640625 0.9051282051282051 0.0283203125 0.12380952380952381
0 0.1044921875 0.7205128205128205 0.0234375 0.02564102564102564
0 0.1259765625 0.7545787545787546 0.029296875 0.09523809523809523
0 0.15087169027093594 0.7549450549450549 0.029296875 0.0945054945054945
0 0.130859375 0.693040293040293 0.0625 0.02197802197802198
0 0.34375 0.6659340659340659 0.091796875 0.02490842490842491
0 0.69287109375 0.5692307692307692 0.0458984375 0.013186813186813187
0 0.76416015625 0.5703296703296703 0.0849609375 0.012454212454212455
0 0.5400390625 0.528937728937729 0.533203125 0.05714285714285714
0 0.25 0.47802197802197804 0.134765625 0.012454212454212455
0 0.103515625 0.9058608058608059 0.029296875 0.12527472527472527
0 0.45556640625 0.6677655677655677 0.0830078125 0.024175824175824177
0 0.8447265625 0.9102564102564102 0.02734375 0.11794871794871795
0 0.82568359375 0.910989010989011 0.0263671875 0.11794871794871795
0 0.7974494485294118 0.7695970695970696 0.02734375 0.11501831501831501
