0 0.48583984375 0.29120879120879123 0.2255859375 0.44175824175824174
0 0.73193359375 0.6567765567765568 0.1416015625 0.040293040293040296
0 0.638671875 0.40073260073260075 0.0625 0.09084249084249084
0 0.626953125 0.27875457875457876 0.0625 0.08717948717948718
0 0.73388671875 0.5 0.0693359375 0.09157509157509157
0 0.62646484375 0.7065934065934066 0.3896484375 0.1326007326007326
0 0.5830078125 0.6347985347985348 0.0703125 0.034432234432234435
0 0.597766994201031 0.6053245723348815 0.39475273840206193 0.08386390242060349
0 0.67431640625 0.5531135531135531 0.1240234375 0.04835164835164835
0 0.42236328125 0.5139194139194139 0.1904296875 0.060805860805860805
0 0.61474609375 0.1619047619047619 0.0576171875 0.08058608058608059
