0 0.9688449848024316 0.2919921875 0.04711246200607903 0.052734375
0 0.3799392097264438 0.43408203125 0.12158054711246201 0.0576171875
0 0.07864741641337386 0.4555150082236843 0.09498480243161095 0.10058593750000006
0 0.05319148936170213 0.5234375 0.0547112462006079 0.04296875
0 0.24620060790273557 0.43603515625 0.1534954407294833 0.1318359375
0 0.5870060790273556 0.3291015625 0.5250759878419453 0.2109375
0 0.5653495440729484 0.3857421875 0.22796352583586627 0.087890625
0 0.7180851063829787 0.34619140625 0.0486322188449848 0.0439453125
0 0.8187689969604863 0.31982421875 0.06155015197568389 0.0439453125
0 0.5011398176291794 0.84326171875 0.9916413373860182 0.3076171875
0 0.04293313069908815 0.69482421875 0.012917933130699088 0.0107421875
