0 0.8597518952446589 0.87060546875 0.04755341144038594 0.1513671875
0 0.9435587688386669 0.8455096550707546 0.07704510877338988 0.05481647995283023
0 0.5430737422467264 0.8427734375 0.5871812543073742 0.193359375
0 0.3366643694004135 0.93310546875 0.06685044796691937 0.0400390625
0 0.3917987594762233 0.93603515625 0.039283252929014474 0.0361328125
0 0.47002067539627845 0.94189453125 0.11164713990351481 0.0517578125
0 0.5478980013783598 0.94287109375 0.03997243280496209 0.0361328125
0 0.6144038594073054 0.94775390625 0.08890420399724328 0.0380859375
0 0.6891798759476223 0.95166015625 0.05513439007580979 0.0380859375
0 0.04789800137835975 0.23095703125 0.0585802894555479 0.3642578125
0 0.042384562370778776 0.4431031139184397 0.05031013094417643 0.07863752216312053
0 0.27360441075120606 0.9287109375 0.05513439007580979 0.041015625
0 0.8068485790045439 0.9602340439618644 0.15473840367251096 0.03851628707627108
0 0.9713990351481737 0.9375 0.028256374913852515 0.0859375
0 0.9424534803583735 0.95556640625 0.03514817367332874 0.0224609375
0 0.9210889042039972 0.9248046875 0.029634734665747762 0.0703125
