0 0.83349609375 0.8567765567765567 0.0810546875 0.01684981684981685
0 0.75537109375 0.8553113553113553 0.0654296875 0.018315018315018316
0 0.4716796875 0.8102564102564103 0.123046875 0.01904761904761905
0 0.361328125 0.8300366300366301 0.0859375 0.01611721611721612
0 0.26708984375 0.8194139194139194 0.0458984375 0.01978021978021978
0 0.708984375 0.8575091575091575 0.013671875 0.018315018315018316
0 0.92138671875 0.8556776556776556 0.0849609375 0.017582417582417582
0 0.20703125 0.8978021978021978 0.1796875 0.02857142857142857
0 0.39111328125 0.8978021978021978 0.1201171875 0.027106227106227107
0 0.5615234375 0.8963369963369964 0.1484375 0.02564102564102564
0 0.361328125 0.8098901098901099 0.08203125 0.01978021978021978
