0 0.154296875 0.2875457875457875 0.033203125 0.08864468864468865
0 0.150390625 0.3761904761904762 0.03515625 0.08424908424908426
0 0.1884765625 0.3509157509157509 0.041015625 0.17435897435897435
0 0.14599609375 0.4271062271062271 0.0361328125 0.041025641025641026
0 0.18603515625 0.44761904761904764 0.0341796875 0.03956043956043956
0 0.07421875 0.5490842490842491 0.029296875 0.08131868131868132
0 0.1005859375 0.558974358974359 0.02734375 0.08058608058608059
0 0.1494140625 0.6076923076923076 0.0234375 0.01978021978021978
0 0.11083984375 0.6113553113553114 0.0966796875 0.05201465201465202
0 0.24267578125 0.7384615384615385 0.1533203125 0.11868131868131868
0 0.4814453125 0.6978021978021978 0.2734375 0.06373626373626373
0 0.80712890625 0.6868131868131868 0.3056640625 0.0652014652014652
0 0.4111328125 0.7666666666666667 0.146484375 0.054945054945054944
0 0.609375 0.7644688644688644 0.21875 0.06227106227106227
0 0.85302734375 0.7586080586080586 0.2236328125 0.06373626373626373
0 0.1533203125 0.5498168498168499 0.021484375 0.01978021978021978
0 0.12841796875 0.5402930402930403 0.0224609375 0.021245421245421246
0 0.12451171875 0.5776556776556776 0.0224609375 0.06227106227106227
0 0.14453125 0.578021978021978 0.013671875 0.04542124542124542
0 0.123046875 0.5098901098901099 0.064453125 0.05567765567765568
