0 0.4032967032967033 0.9853515625 0.030036630036630037 0.01171875
0 0.5018315018315018 0.5244140625 0.3238095238095238 0.064453125
0 0.7483516483516484 0.5908203125 0.12087912087912088 0.05078125
0 0.6069597069597069 0.80615234375 0.034432234432234435 0.0166015625
0 0.608058608058608 0.8203125 0.035164835164835165 0.013671875
0 0.5399267399267399 0.95263671875 0.01611721611721612 0.0244140625
0 0.15531135531135531 0.82177734375 0.041025641025641026 0.0849609375
0 0.18827838827838828 0.859375 0.03223443223443224 0.046875
0 0.05274725274725275 0.880859375 0.03956043956043956 0.015625
0 0.05531135531135531 0.94580078125 0.04468864468864469 0.0263671875
0 0.05787545787545788 0.97021484375 0.011721611721611722 0.0048828125
0 0.012087912087912088 0.99462890625 0.012454212454212455 0.0087890625
0 0.08315018315018315 0.99365234375 0.012454212454212455 0.0087890625
0 0.08315018315018315 0.99365234375 0.012454212454212455 0.0087890625
0 0.5021978021978022 0.60400390625 0.2600732600732601 0.0654296875
0 0.21831501831501832 0.552734375 0.16556776556776556 0.083984375
0 0.2948717948717949 0.92041015625 0.006593406593406593 0.0185546875
0 0.7432234432234432 0.537109375 0.07106227106227106 0.041015625
