0 0.52197265625 0.07765567765567766 0.2568359375 0.14945054945054945
0 0.08837890625 0.7175824175824176 0.0380859375 0.06227106227106227
0 0.1318359375 0.717948717948718 0.03125 0.06886446886446887
0 0.1689453125 0.719047619047619 0.029296875 0.073992673992674
0 0.14453125 0.8040293040293041 0.02734375 0.05201465201465202
0 0.1416015625 0.7695970695970696 0.03515625 0.015384615384615385
0 0.84228515625 0.6721611721611722 0.0166015625 0.015384615384615385
0 0.814453125 0.7252747252747253 0.009765625 0.01904761904761905
0 0.82861328125 0.7238095238095238 0.0185546875 0.020512820512820513
0 0.8115234375 0.701098901098901 0.009765625 0.020512820512820513
0 0.5311084692028984 0.5552901205075118 0.3509963768115941 0.8366512714338801
