0 0.7179863147605083 0.610789283128168 0.17888563049853373 0.03403330919623461
0 0.760019550342131 0.5865314989138306 0.0772238514173998 0.03186097031136857
0 0.666177908113392 0.5796524257784215 0.08113391984359726 0.03403330919623461
0 0.7253176930596286 0.5249818971759594 0.03714565004887586 0.02606806661839247
0 0.6813294232649071 0.5213613323678494 0.03519061583577713 0.027516292541636494
0 0.7262952101661779 0.6708906589427951 0.19550342130987292 0.04561911658218682
0 0.7336265884652982 0.7085445329471397 0.20039100684261973 0.041274438812454746
0 0.41642228739002934 0.38848660391021 0.09579667644183773 0.10644460535843592
0 0.39345063538611924 0.4703113685734975 0.05180840664711633 0.07168718320057929
0 0.4452590420332356 0.47501810282404056 0.04985337243401759 0.06951484431571325
0 0.4178885630498534 0.5829109341057205 0.11241446725317693 0.041998551774076756
0 0.42130987292277616 0.6824764663287473 0.12121212121212122 0.16727009413468502
0 0.7575757575757576 0.560101375814627 0.03714565004887586 0.025343953656770456
0 0.6622678396871945 0.5524981897175959 0.04007820136852395 0.027516292541636494
0 0.770772238514174 0.5293265749456916 0.03616813294232649 0.02606806661839247
0 0.6876832844574781 0.3454018826937002 0.17888563049853373 0.3128167994207096
0 0.636852394916911 0.5166545981173063 0.03812316715542522 0.029688631426502535
0 0.7214076246334311 0.6350470673425054 0.1798631476050831 0.03475742215785663
0 0.4177721919657404 0.5480414468466605 0.11520737327188943 0.03577462846108748
0 0.42238736336976807 0.7800671450200777 0.13163156491602243 0.026331380422618747
