0 0.2289068231841526 0.87451171875 0.27292736610418195 0.1533203125
0 0.31291269258987525 0.92138671875 0.08730741012472487 0.0458984375
0 0.40058694057226707 0.8818359375 0.06603081438004402 0.072265625
0 0.4020542920029347 0.81689453125 0.06603081438004402 0.0712890625
0 0.40682318415260454 0.962890625 0.06823184152604549 0.037109375
0 0.6243580337490829 0.77001953125 0.36830520909757886 0.2021484375
0 0.4746881878209831 0.88623046875 0.06456346294937637 0.0439453125
0 0.5707997065297139 0.86376953125 0.10858400586940573 0.0576171875
0 0.723404255319149 0.82958984375 0.16874541452677916 0.0732421875
0 0.8793103448275862 0.6826171875 0.12252384446074835 0.111328125
0 0.8837123991195891 0.77294921875 0.123991195891416 0.1103515625
0 0.8976522377109317 0.86865234375 0.12986060161408658 0.0810546875
0 0.23991195891415995 0.9365234375 0.030814380044020543 0.03125
0 0.16214233308877476 0.95263671875 0.10711665443873808 0.0439453125
0 0.09977989728539985 0.9658203125 0.016140865737344093 0.025390625
0 0.0748349229640499 0.91552734375 0.016140865737344093 0.0400390625
0 0.7267057960381511 0.92041015625 0.2090975788701394 0.0751953125
0 0.9005869405722671 0.93310546875 0.13279530447542187 0.0771484375
