0 0.3037109375 0.6736263736263737 0.009765625 0.006593406593406593
0 0.31640625 0.6871794871794872 0.125 0.03076923076923077
0 0.30615234375 0.7245421245421245 0.0244140625 0.013186813186813187
0 0.4443359375 0.40183150183150185 0.341796875 0.07985347985347985
0 0.44189453125 0.34212454212454213 0.0986328125 0.04542124542124542
0 0.52734375 0.6787545787545788 0.10546875 0.035897435897435895
0 0.52783203125 0.7054945054945055 0.0849609375 0.017582417582417582
0 0.52734375 0.7263736263736263 0.01953125 0.01098901098901099
0 0.33349609375 0.5787545787545788 0.1123046875 0.017582417582417582
0 0.4013671875 0.5761904761904761 0.017578125 0.01098901098901099
0 0.3466796875 0.5516483516483517 0.140625 0.04395604395604396
0 0.2882737379807692 0.708298112144266 0.0726161858974359 0.011035972574434179
