0 0.5807253815406976 0.6128009548497789 0.0615234375 0.0272654370489174
0 0.52490234375 0.7257417802726543 0.0439453125 0.07377706495589414
0 0.8552433894230769 0.6916805461312278 0.11868990384615385 0.04887627742479392
0 0.86962890625 0.7465918203688853 0.1708984375 0.07377706495589414
0 0.87353515625 0.8207698476343224 0.1728515625 0.07618283881315156
0 0.728515625 0.7213311948676825 0.052734375 0.04570970328789094
0 0.91748046875 0.9571471531676022 0.0380859375 0.04330392943063352
0 0.52392578125 0.8115477145148356 0.0419921875 0.07056936647955092
0 0.576171875 0.797514033680834 0.06640625 0.2157177225340818
0 0.6357421875 0.7955092221331195 0.0625 0.20689655172413793
0 0.28564453125 0.7874899759422614 0.2919921875 0.19246190858059342
0 0.30908203125 0.46952686447473935 0.0673828125 0.08420208500400962
0 0.61376953125 0.44065757818765033 0.4541015625 0.31676022453889335
