0 0.54296875 0.8994807121661721 0.025390625 0.009643916913946587
0 0.54296875 0.8757418397626113 0.025390625 0.01112759643916914
0 0.33837890625 0.8475519287833828 0.0771484375 0.02596439169139466
0 0.33837890625 0.8382789317507419 0.0791015625 0.09347181008902077
0 0.134765625 0.4336053412462908 0.03515625 0.022997032640949554
0 0.16015625 0.3720326409495549 0.037109375 0.024480712166172106
0 0.16552734375 0.18731454005934717 0.0791015625 0.05118694362017804
0 0.56298828125 0.8742581602373887 0.0126953125 0.008160237388724036
0 0.1630859375 0.4521513353115727 0.076171875 0.04821958456973294
0 0.3740234375 0.9091246290801187 0.029296875 0.012611275964391691
0 0.5439453125 0.7585311572700296 0.05859375 0.206973293768546
0 0.52294921875 0.8894658753709199 0.0126953125 0.026706231454005934
0 0.17724609375 0.42321958456973297 0.0361328125 0.022997032640949554
0 0.1640625 0.39725519287833827 0.076171875 0.04673590504451038
0 0.16162109375 0.2811572700296736 0.0732421875 0.17210682492581603
0 0.16845703125 0.11535608308605341 0.0810546875 0.13427299703264095
0 0.68017578125 0.9502967359050445 0.0966796875 0.04599406528189911
0 0.56640625 0.8979970326409495 0.021484375 0.009643916913946587
0 0.548828125 0.8876112759643917 0.03515625 0.01112759643916914
