0 0.60595703125 0.680952380952381 0.0576171875 0.02271062271062271
0 0.52783203125 0.6813186813186813 0.0791015625 0.023443223443223443
0 0.451171875 0.6813186813186813 0.0546875 0.02197802197802198
0 0.341796875 0.6820512820512821 0.15234375 0.023443223443223443
0 0.8544921875 0.6824175824175824 0.02734375 0.01684981684981685
0 0.51904296875 0.6377289377289377 0.5517578125 0.04908424908424908
0 0.052734375 0.6615384615384615 0.037109375 0.03076923076923077
0 0.3359375 0.8128205128205128 0.06640625 0.024175824175824177
0 0.2099609375 0.8553113553113553 0.1015625 0.01391941391941392
0 0.76708984375 0.9637362637362638 0.0888671875 0.024175824175824177
0 0.5693359375 0.8853479853479853 0.326171875 0.015384615384615385
0 0.51708984375 0.8692307692307693 0.2177734375 0.015384615384615385
0 0.5986328125 0.8542124542124542 0.087890625 0.014652014652014652
0 0.478515625 0.8538461538461538 0.140625 0.015384615384615385
0 0.462890625 0.823076923076923 0.076171875 0.03296703296703297
0 0.38232421875 0.8278388278388278 0.0849609375 0.02197802197802198
0 0.23486328125 0.8684981684981685 0.1552734375 0.012454212454212455
0 0.73828125 0.6783882783882784 0.05859375 0.02197802197802198
0 0.66943359375 0.6794871794871795 0.0654296875 0.02271062271062271
0 0.92529296875 0.6838827838827839 0.0986328125 0.01391941391941392
0 0.8779296875 0.7073260073260074 0.060546875 0.018315018315018316
0 0.9375 0.7062271062271063 0.052734375 0.017582417582417582
0 0.51416015625 0.8293040293040294 0.0224609375 0.02197802197802198
