0 0.16455078125 0.36336996336996336 0.0205078125 0.02783882783882784
0 0.17333984375 0.28608058608058606 0.0185546875 0.027106227106227107
0 0.52734375 0.20256410256410257 0.341796875 0.24981684981684982
0 0.2763671875 0.8824175824175824 0.373046875 0.11794871794871795
0 0.83642578125 0.2714285714285714 0.0439453125 0.3304029304029304
0 0.8148290583517699 0.27985347985347986 0.0458984375 0.3487179487179487
0 0.79345703125 0.21794871794871795 0.0380859375 0.23076923076923078
0 0.1923828125 0.4542124542124542 0.03515625 0.04542124542124542
0 0.1611328125 0.4512820512820513 0.03515625 0.04395604395604396
0 0.892578125 0.6626373626373626 0.037109375 0.27765567765567767
0 0.19970703125 0.3516483516483517 0.0498046875 0.14945054945054945
0 0.630859375 0.9274725274725275 0.35546875 0.0761904761904762
0 0.904296875 0.4608058608058608 0.03515625 0.12307692307692308
