0 0.74560546875 0.28644688644688643 0.1318359375 0.06593406593406594
0 0.2861328125 0.9010989010989011 0.18359375 0.08791208791208792
0 0.29248046875 0.841025641025641 0.1806640625 0.08644688644688645
0 0.32470703125 0.6333333333333333 0.1962890625 0.3641025641025641
0 0.419921875 0.4673992673992674 0.037109375 0.035164835164835165
0 0.36572265625 0.4230769230769231 0.1416015625 0.07252747252747253
0 0.3095703125 0.4326007326007326 0.037109375 0.035897435897435895
0 0.56689453125 0.8366300366300367 0.0595703125 0.08058608058608059
0 0.73828125 0.24835164835164836 0.16796875 0.07912087912087912
0 0.7568359375 0.5391941391941392 0.185546875 0.3545787545787546
0 0.74755859375 0.8278388278388278 0.2021484375 0.0761904761904762
0 0.5576171875 0.906959706959707 0.044921875 0.08644688644688645
0 0.27490234375 0.9600732600732601 0.1923828125 0.05201465201465202
