0 0.6501831501831502 0.97998046875 0.01684981684981685 0.0400390625
0 0.526007326007326 0.82177734375 0.02783882783882784 0.1455078125
0 0.5175824175824176 0.69775390625 0.01978021978021978 0.0771484375
0 0.541025641025641 0.771484375 0.03296703296703297 0.240234375
0 0.5593406593406594 0.74755859375 0.0315018315018315 0.1982421875
0 0.5791208791208792 0.75341796875 0.034432234432234435 0.2177734375
0 0.36153846153846153 0.912109375 0.08278388278388278 0.0546875
0 0.26483516483516484 0.93310546875 0.08131868131868132 0.0517578125
0 0.3208791208791209 0.8369140625 0.35018315018315016 0.201171875
0 0.22527472527472528 0.78271484375 0.15164835164835164 0.0810546875
0 0.3868131868131868 0.36279296875 0.02490842490842491 0.0224609375
0 0.3586080586080586 0.37451171875 0.027106227106227107 0.0205078125
0 0.42747252747252745 0.31982421875 0.073992673992674 0.0615234375
0 0.326007326007326 0.3603515625 0.03076923076923077 0.044921875
0 0.27985347985347986 0.37939453125 0.035164835164835165 0.0439453125
0 0.7329670329670329 0.4755859375 0.29816849816849816 0.146484375
0 0.452014652014652 0.41064453125 0.8322344322344323 0.4736328125
