0 0.4990234375 0.8318681318681319 0.080078125 0.03736263736263736
0 0.6044921875 0.8388278388278388 0.09375 0.03663003663003663
0 0.95703125 0.8684981684981685 0.0859375 0.035897435897435895
0 0.21337890625 0.8135531135531135 0.1005859375 0.027106227106227107
0 0.73876953125 0.8494505494505494 0.1357421875 0.03736263736263736
0 0.291015625 0.8373626373626374 0.060546875 0.014652014652014652
0 0.2294921875 0.832967032967033 0.0390625 0.014652014652014652
0 0.1806640625 0.8293040293040294 0.03125 0.013186813186813187
0 0.64306640625 0.7681318681318682 0.3564453125 0.12673992673992673
0 0.29443359375 0.8197802197802198 0.0576171875 0.02197802197802198
