0 0.7080586080586081 0.56689453125 0.10915750915750916 0.0615234375
0 0.8652014652014652 0.56396484375 0.18168498168498168 0.0576171875
0 0.08571428571428572 0.12109375 0.03956043956043956 0.09375
0 0.22783882783882783 0.509765625 0.31648351648351647 0.1953125
0 0.025274725274725275 0.0322265625 0.02564102564102564 0.015625
0 0.028205128205128206 0.05419921875 0.04322344322344322 0.0146484375
0 0.027106227106227107 0.07177734375 0.02197802197802198 0.0185546875
0 0.02600732600732601 0.0888671875 0.046153846153846156 0.017578125
0 0.08827838827838828 0.07958984375 0.03736263736263736 0.1044921875
0 0.5186813186813187 0.5703125 0.2490842490842491 0.076171875
0 0.09157509157509157 0.03466796875 0.02490842490842491 0.0693359375
