0 0.3054945054945055 0.87548828125 0.05860805860805861 0.0205078125
0 0.01575091575091575 0.849609375 0.0315018315018315 0.021484375
0 0.6362637362637362 0.94677734375 0.06227106227106227 0.0146484375
0 0.6315018315018315 0.927734375 0.060073260073260075 0.013671875
0 0.6336996336996337 0.87646484375 0.02490842490842491 0.0205078125
0 0.5974358974358974 0.8818359375 0.04322344322344322 0.03125
0 0.43663003663003663 0.9326171875 0.14212454212454212 0.052734375
0 0.43553113553113554 0.88525390625 0.060805860805860805 0.0302734375
0 0.4531135531135531 0.86572265625 0.05201465201465202 0.0302734375
0 0.39963369963369966 0.853515625 0.05787545787545788 0.037109375
0 0.5098901098901099 0.5380859375 0.7706959706959707 0.37109375
0 0.19926739926739928 0.8466796875 0.04395604395604396 0.02734375
0 0.3076923076923077 0.85205078125 0.04395604395604396 0.0146484375
0 0.3021978021978022 0.95751953125 0.027106227106227107 0.0107421875
0 0.680952380952381 0.86376953125 0.027106227106227107 0.0185546875
0 0.6882783882783883 0.88916015625 0.0315018315018315 0.0283203125
0 0.7703296703296704 0.9208984375 0.030036630036630037 0.013671875
