0 0.4541015625 0.24212454212454212 0.087890625 0.1457875457875458
0 0.73779296875 0.2391941391941392 0.4833984375 0.1663003663003663
0 0.8623046875 0.3868131868131868 0.1328125 0.08498168498168499
0 0.5693290602992958 0.45111695815921166 0.2675643705985915 0.10662952071402779
0 0.5660285229952831 0.5220056672886861 0.2592312794811321 0.10465132351924801
0 0.6591796875 0.689010989010989 0.435546875 0.16923076923076924
0 0.82568359375 0.6366300366300366 0.1103515625 0.07326007326007326
0 0.83837890625 0.573992673992674 0.1142578125 0.08131868131868132
0 0.85009765625 0.5021978021978022 0.1201171875 0.08424908424908426
0 0.5647847877358491 0.5858870689059368 0.2506633254716981 0.1109682770060128
0 0.7449329304245282 0.47502450601042157 0.08936468160377364 0.04436877676314294
0 0.7394052181603774 0.5495512990862446 0.0838369693396227 0.04581626186728498
0 0.7305977299528301 0.6178905070480941 0.08464770047169823 0.04581626186728498
