0 0.9054945054945055 0.91357421875 0.0673992673992674 0.0283203125
0 0.9010989010989011 0.89990234375 0.03076923076923077 0.0244140625
0 0.6754578754578755 0.8837890625 0.02197802197802198 0.03125
0 0.44761904761904764 0.87255859375 0.03956043956043956 0.0263671875
0 0.2978021978021978 0.06396484375 0.02564102564102564 0.0283203125
0 0.24065934065934066 0.232421875 0.01978021978021978 0.046875
0 0.017216117216117217 0.267578125 0.01684981684981685 0.046875
0 0.0336996336996337 0.3134765625 0.014652014652014652 0.03125
0 0.02857142857142857 0.26513671875 0.017582417582417582 0.0458984375
0 0.04981684981684982 0.27099609375 0.02197802197802198 0.0302734375
0 0.03663003663003663 0.171875 0.035164835164835165 0.138671875
0 0.0684981684981685 0.23193359375 0.027106227106227107 0.0810546875
0 0.6384615384615384 0.5224609375 0.6923076923076923 0.279296875
0 0.736996336996337 0.8984375 0.046886446886446886 0.03515625
0 0.5879120879120879 0.888671875 0.047619047619047616 0.025390625
