0 0.447265625 0.9384615384615385 0.166015625 0.04542124542124542
0 0.26416015625 0.9205128205128205 0.1767578125 0.07692307692307693
0 0.6640625 0.9377289377289377 0.091796875 0.010256410256410256
0 0.041015625 0.8666666666666667 0.08203125 0.03956043956043956
0 0.06005859375 0.9051282051282051 0.1201171875 0.035897435897435895
0 0.56103515625 0.9344322344322344 0.0419921875 0.01098901098901099
0 0.599609375 0.9362637362637363 0.03125 0.010256410256410256
0 0.85205078125 0.8681318681318682 0.0966796875 0.020512820512820513
0 0.474609375 0.8600732600732601 0.09765625 0.01904761904761905
0 0.62451171875 0.9512820512820512 0.0322265625 0.012454212454212455
0 0.5869140625 0.9505494505494505 0.0390625 0.01098901098901099
0 0.55078125 0.9494505494505494 0.01953125 0.011721611721611722
0 0.83935546875 0.9591672958085172 0.1572265625 0.02271062271062271
0 0.80419921875 0.9377289377289377 0.0888671875 0.01904761904761905
0 0.72412109375 0.8648351648351649 0.0966796875 0.01978021978021978
0 0.599609375 0.8626373626373627 0.095703125 0.018315018315018316
0 0.63427734375 0.9056874423286636 0.1533203125 0.018315018315018316
0 0.4462890625 0.9010989010989011 0.15625 0.017582417582417582
0 0.04931640625 0.9432234432234432 0.0986328125 0.03736263736263736
