0 0.1347985347985348 0.921875 0.04981684981684982 0.041015625
0 0.27912087912087913 0.9296875 0.026373626373626374 0.044921875
0 0.2743589743589744 0.24560546875 0.29084249084249086 0.1533203125
0 0.634065934065934 0.15478515625 0.37875457875457874 0.1298828125
0 0.6853479853479854 0.21826171875 0.5311355311355311 0.1474609375
0 0.8967032967032967 0.2919921875 0.10989010989010989 0.033203125
0 0.14249084249084248 0.900390625 0.046153846153846156 0.03515625
0 0.29010989010989013 0.97802734375 0.01904761904761905 0.0361328125
0 0.23626373626373626 0.9677734375 0.021245421245421246 0.021484375
0 0.16373626373626374 0.94970703125 0.040293040293040296 0.0947265625
0 0.2578754578754579 0.9208984375 0.020512820512820513 0.04296875
0 0.26703296703296703 0.88720703125 0.01684981684981685 0.0263671875
0 0.2703296703296703 0.955078125 0.01904761904761905 0.025390625
0 0.9793806666147091 0.2861328124999999 0.041758241758241756 0.02734375
