0 0.3218169341216216 0.5655677655677656 0.0694151182432432 0.13186813186813187
0 0.32421875 0.7329670329670329 0.078125 0.13406593406593406
0 0.20556640625 0.5725274725274725 0.0419921875 0.4315018315018315
0 0.41259765625 0.30366300366300364 0.0341796875 0.0945054945054945
0 0.41455078125 0.41501831501831504 0.0361328125 0.09743589743589744
0 0.419921875 0.5424908424908425 0.037109375 0.12380952380952381
0 0.42236328125 0.671062271062271 0.0341796875 0.1010989010989011
0 0.42578125 0.7816849816849817 0.033203125 0.054212454212454214
0 0.275058819980695 0.19828305542591257 0.1376236727799228 0.19234304948590666
0 0.3125 0.39706959706959705 0.134765625 0.19633699633699633
