0 0.81103515625 0.9157509157509157 0.1396484375 0.020512820512820513
0 0.8134765625 0.941025641025641 0.078125 0.01978021978021978
0 0.32763671875 0.9681318681318681 0.0751953125 0.018315018315018316
0 0.388671875 0.9659340659340659 0.044921875 0.01978021978021978
0 0.61474609375 0.9688644688644689 0.1240234375 0.02271062271062271
0 0.48046875 0.7805860805860806 0.41015625 0.05934065934065934
0 0.11572265625 0.7860805860805861 0.0458984375 0.05274725274725275
0 0.45068359375 0.9692307692307692 0.0791015625 0.020512820512820513
0 0.52099609375 0.9688644688644689 0.0615234375 0.021245421245421246
0 0.10693359375 0.9457875457875458 0.0751953125 0.02490842490842491
0 0.11328125 0.9194139194139194 0.078125 0.02490842490842491
0 0.3876439144736843 0.8362444572970889 0.27539062500000006 0.04835164835164835
0 0.6337890625 0.836996336996337 0.1640625 0.047619047619047616
0 0.27685546875 0.967032967032967 0.0263671875 0.02197802197802198
