0 0.66943359375 0.48534798534798534 0.0986328125 0.035897435897435895
0 0.80517578125 0.4827838827838828 0.0966796875 0.035164835164835165
0 0.658203125 0.6641025641025641 0.234375 0.05641025641025641
0 0.419921875 0.4512820512820513 0.09765625 0.03663003663003663
0 0.66259765625 0.7432234432234432 0.2919921875 0.10036630036630037
0 0.66943359375 0.8377289377289378 0.2607421875 0.09010989010989011
0 0.669772907838983 0.9051282051282051 0.314453125 0.03882783882783883
0 0.6742833024364406 0.9501396908176569 0.26080839512711873 0.04297510399205332
0 0.6279296875 0.35934065934065934 0.30078125 0.07252747252747253
0 0.48828125 0.48754578754578753 0.1875 0.035897435897435895
0 0.82470703125 0.44652014652014654 0.0947265625 0.035897435897435895
0 0.6904296875 0.4490842490842491 0.095703125 0.0336996336996337
0 0.55517578125 0.4490842490842491 0.0947265625 0.03663003663003663
