0 0.66943359375 0.6026819923371648 0.0380859375 0.019157088122605363
0 0.07666015625 0.4279693486590038 0.1240234375 0.6628352490421456
0 0.720703125 0.6134099616858237 0.041015625 0.019157088122605363
0 0.9130859375 0.7279693486590039 0.06640625 0.05823754789272031
0 0.91650390625 0.8172413793103448 0.0654296875 0.1478927203065134
0 0.40380859375 0.5452107279693487 0.2666015625 0.1049808429118774
0 0.58154296875 0.5678160919540229 0.0869140625 0.038314176245210725
0 0.66845703125 0.5862068965517241 0.0830078125 0.0367816091954023
0 0.5498046875 0.5804597701149425 0.025390625 0.017624521072796936
0 0.58935546875 0.5873563218390805 0.0244140625 0.017624521072796936
0 0.6259765625 0.5950191570881226 0.0234375 0.017624521072796936
0 0.5575967001748252 0.8831015727567452 0.5620356206293706 0.13825255204565545
