0 0.49658203125 0.9355311355311355 0.1982421875 0.04395604395604396
0 0.30078125 0.9582417582417583 0.15234375 0.0380952380952381
0 0.443359375 0.26043956043956046 0.13671875 0.034432234432234435
0 0.44677734375 0.23992673992673993 0.1806640625 0.05054945054945055
0 0.3564453125 0.7754578754578755 0.287109375 0.08131868131868132
0 0.41650390625 0.6765567765567766 0.3994140625 0.07838827838827839
0 0.42724609375 0.5534798534798535 0.4072265625 0.11355311355311355
0 0.4072265625 0.8714285714285714 0.404296875 0.09597069597069598
0 0.5751953125 0.7655677655677655 0.072265625 0.060073260073260075
0 0.4586588541666666 0.4066464936030153 0.3269361413043478 0.1762488719010458
