0 0.48681640625 0.9575091575091575 0.0439453125 0.01904761904761905
0 0.72216796875 0.96996336996337 0.0498046875 0.04542124542124542
0 0.74658203125 0.4586080586080586 0.0341796875 0.04835164835164835
0 0.4755859375 0.08608058608058608 0.044921875 0.02271062271062271
0 0.4912109375 0.06153846153846154 0.1171875 0.060073260073260075
0 0.63134765625 0.5010989010989011 0.0322265625 0.05274725274725275
0 0.50341796875 0.9263736263736264 0.1162109375 0.04322344322344322
0 0.47900390625 0.2194139194139194 0.1025390625 0.2468864468864469
0 0.48388671875 0.3956043956043956 0.1630859375 0.08058608058608059
0 0.48388671875 0.5487179487179488 0.1181640625 0.210989010989011
0 0.4873046875 0.6959706959706959 0.15625 0.05128205128205128
0 0.48583984375 0.7234432234432234 0.1357421875 0.046153846153846156
0 0.8017578125 0.5076923076923077 0.072265625 0.08351648351648351
0 0.66015625 0.9340659340659341 0.072265625 0.0673992673992674
0 0.8388671875 0.9527472527472527 0.078125 0.0945054945054945
0 0.71533203125 0.9025641025641026 0.1611328125 0.147985347985348
0 0.48828125 0.9761904761904762 0.12109375 0.03736263736263736
0 0.6533203125 0.3567765567765568 0.0859375 0.1347985347985348
0 0.48583984375 0.7509157509157509 0.1689453125 0.04835164835164835
