0 0.3347985347985348 0.1328125 0.08644688644688645 0.091796875
0 0.5564102564102564 0.27490234375 0.14285714285714285 0.1240234375
0 0.19706959706959706 0.291015625 0.15677655677655677 0.140625
0 0.12307692307692308 0.337890625 0.10695970695970695 0.078125
0 0.2271062271062271 0.3818359375 0.08791208791208792 0.068359375
0 0.02490842490842491 0.39111328125 0.04981684981684982 0.0751953125
0 0.20915750915750916 0.458984375 0.11062271062271062 0.099609375
0 0.701098901098901 0.86474609375 0.5465201465201465 0.2314453125
0 0.5681664247701983 0.24332068101415094 0.2350957218881748 0.2692180129716981
0 0.6912087912087912 0.30859375 0.035897435897435895 0.154296875
0 0.4967032967032967 0.48095703125 0.2783882783882784 0.3134765625
0 0.21575091575091576 0.76904296875 0.4315018315018315 0.2451171875
0 0.756043956043956 0.5595703125 0.22271062271062272 0.166015625
0 0.7710027863874018 0.6597514356303419 0.22625465702388786 0.12614349626068377
