0 0.87158203125 0.9598799126637555 0.0244140625 0.039847161572052404
0 0.265625 0.9137554585152838 0.04296875 0.02074235807860262
0 0.314453125 0.8902838427947598 0.265625 0.06222707423580786
0 0.125 0.8807314410480349 0.107421875 0.05403930131004367
0 0.79345703125 0.7652838427947598 0.0244140625 0.007641921397379912
0 0.81640625 0.7633733624454149 0.021484375 0.007096069868995633
0 0.89404296875 0.9631550218340611 0.0224609375 0.03220524017467249
0 0.57373046875 0.9737991266375546 0.0380859375 0.013100436681222707
0 0.22216796875 0.9099344978165939 0.0517578125 0.018558951965065504
0 0.83984375 0.7614628820960698 0.025390625 0.007641921397379912
0 0.720703125 0.7483624454148472 0.091796875 0.04585152838427948
0 0.8310546875 0.7248908296943232 0.087890625 0.02947598253275109
0 0.8427734375 0.7456331877729258 0.123046875 0.03165938864628821
0 0.373046875 0.9241266375545851 0.08203125 0.02292576419213974
0 0.310546875 0.917849344978166 0.048828125 0.0212882096069869
0 0.5732421875 0.960971615720524 0.041015625 0.012554585152838428
