0 0.978515625 0.2 0.03125 0.063003663003663
0 0.22314453125 0.832967032967033 0.0634765625 0.02783882783882784
0 0.98876953125 0.4318681318681319 0.0185546875 0.01684981684981685
0 0.9365234375 0.4593406593406593 0.0703125 0.06446886446886448
0 0.80859375 0.7252747252747253 0.06640625 0.18021978021978022
0 0.60986328125 0.7604395604395604 0.0322265625 0.014652014652014652
0 0.01220703125 0.25824175824175827 0.0244140625 0.01391941391941392
0 0.1533203125 0.8340659340659341 0.06640625 0.11941391941391942
0 0.15478515625 0.9501831501831501 0.0673828125 0.06153846153846154
0 0.033203125 0.693040293040293 0.06640625 0.014652014652014652
0 0.201171875 0.23846153846153847 0.12890625 0.18534798534798536
0 0.03759765625 0.6776556776556777 0.0595703125 0.01611721611721612
0 0.48095703125 0.4706959706959707 0.4326171875 0.1457875457875458
0 0.70361328125 0.5776556776556776 0.1552734375 0.07106227106227106
0 0.41796875 0.5688644688644688 0.404296875 0.08717948717948718
0 0.9482421875 0.5256410256410257 0.06640625 0.02271062271062271
