0 0.732421875 0.6216117216117216 0.056640625 0.09157509157509157
0 0.803909080615942 0.9466589311309807 0.30313066123188404 0.046291872378828765
0 0.8399600074404763 0.9102825745682888 0.08138020833333337 0.0344845630559917
0 0.74658203125 0.9062271062271062 0.0869140625 0.0380952380952381
0 0.724609375 0.8340659340659341 0.0546875 0.05347985347985348
0 0.72705078125 0.7871794871794872 0.0537109375 0.054945054945054944
0 0.84130859375 0.6007326007326007 0.1533203125 0.5538461538461539
0 0.7275390625 0.7139194139194139 0.060546875 0.0945054945054945
0 0.7353515625 0.5267399267399268 0.056640625 0.0967032967032967
0 0.73974609375 0.4432234432234432 0.0517578125 0.07472527472527472
0 0.7431640625 0.36666666666666664 0.052734375 0.08131868131868132
0 0.8244865171370968 0.27006971523100554 0.1958480342741935 0.11948481625900982
