0 0.6234432234432234 0.64404296875 0.12307692307692308 0.0341796875
0 0.4790229658964742 0.6354962988514319 0.1375331112801279 0.03466447270286388
0 0.9952380952380953 0.353515625 0.009523809523809525 0.03125
0 0.982051282051282 0.3681640625 0.01391941391941392 0.029296875
0 0.9871794871794872 0.31005859375 0.02564102564102564 0.0595703125
0 0.9853479853479854 0.27880859375 0.023443223443223443 0.0556640625
0 0.9860805860805861 0.2353515625 0.02783882783882784 0.068359375
0 0.24652014652014653 0.5439453125 0.28205128205128205 0.15234375
0 0.5490842490842491 0.5810546875 0.2805860805860806 0.08984375
0 0.982051282051282 0.1572265625 0.035897435897435895 0.080078125
0 0.9831501831501831 0.197265625 0.0336996336996337 0.0703125
