0 0.3876953125 0.9267399267399268 0.08984375 0.041025641025641026
0 0.50927734375 0.2175824175824176 0.1357421875 0.0761904761904762
0 0.419921875 0.23846153846153847 0.02734375 0.035897435897435895
0 0.3740234375 0.24871794871794872 0.044921875 0.04908424908424908
0 0.07776929842715231 0.7413118889940081 0.15553859685430463 0.031094292021444352
0 0.3759765625 0.36153846153846153 0.041015625 0.047619047619047616
0 0.41796875 0.35128205128205126 0.0234375 0.034432234432234435
0 0.39306640625 0.5131868131868131 0.0537109375 0.18534798534798536
0 0.04345703125 0.7142857142857143 0.0478515625 0.02783882783882784
0 0.0947265625 0.7197802197802198 0.048828125 0.02564102564102564
0 0.14453125 0.7256410256410256 0.046875 0.027106227106227107
0 0.39208984375 0.7252747252747253 0.0185546875 0.19047619047619047
