0 0.109375 0.43443223443223444 0.13671875 0.2725274725274725
0 0.255859375 0.7432234432234432 0.033203125 0.015384615384615385
0 0.259765625 0.7593406593406593 0.04296875 0.01684981684981685
0 0.26513671875 0.773992673992674 0.0302734375 0.01391941391941392
0 0.189453125 0.9238095238095239 0.26171875 0.08644688644688645
0 0.1435546875 0.7454212454212454 0.0703125 0.04322344322344322
0 0.21470185630341881 0.5150057919288689 0.0859375 0.1728937728937729
0 0.11572265625 0.8586080586080586 0.1083984375 0.04249084249084249
0 0.14599609375 0.8076923076923077 0.0888671875 0.040293040293040296
0 0.146484375 0.784981684981685 0.09375 0.04908424908424908
0 0.1435546875 0.7652014652014651 0.087890625 0.035897435897435895
0 0.22607421875 0.8824175824175824 0.0947265625 0.03736263736263736
