0 0.244140625 0.24652014652014653 0.1328125 0.09010989010989011
0 0.53759765625 0.24945054945054945 0.1279296875 0.0945054945054945
0 0.24560546875 0.4197802197802198 0.4033203125 0.07765567765567766
0 0.619140625 0.4271062271062271 0.328125 0.08058608058608059
0 0.39528346706081086 0.5037917037917038 0.7222075591216217 0.09036729036729037
0 0.24072265625 0.7904761904761904 0.4677734375 0.060073260073260075
0 0.279296875 0.8516483516483516 0.548828125 0.05934065934065934
0 0.20947265625 0.915018315018315 0.4091796875 0.05714285714285714
0 0.68212890625 0.7864468864468864 0.1728515625 0.03882783882783883
0 0.80615234375 0.8918414918414918 0.0478515625 0.03609723609723625
0 0.646484375 0.9311355311355312 0.08203125 0.023443223443223443
0 0.7978959517045454 0.9315018315018315 0.05459872159090917 0.021245421245421246
0 0.3129750844594595 0.6232254232254232 0.5463471283783784 0.11880011880011873
0 0.38525390625 0.24725274725274726 0.1103515625 0.09010989010989011
0 0.7294921875 0.9310134310134309 0.0546875 0.020757020757020867
0 0.6835877514588451 0.8626373626373627 0.1881982301904176 0.1076923076923077
