0 0.1123046875 0.663003663003663 0.01953125 0.014652014652014652
0 0.1669921875 0.6659340659340659 0.01953125 0.014652014652014652
0 0.1630859375 0.7102564102564103 0.01953125 0.015384615384615385
0 0.1083984375 0.7095238095238096 0.01953125 0.01684981684981685
0 0.79638671875 0.7413919413919414 0.0146484375 0.007326007326007326
0 0.966796875 0.8465201465201465 0.0546875 0.01684981684981685
0 0.318359375 0.6765567765567766 0.009765625 0.01684981684981685
0 0.45068359375 0.319047619047619 0.0966796875 0.35824175824175825
0 0.45751953125 0.5168498168498169 0.0751953125 0.035897435897435895
0 0.28125 0.5820512820512821 0.1953125 0.08864468864468865
0 0.2421875 0.6329670329670329 0.046875 0.02490842490842491
0 0.3115234375 0.6223443223443224 0.052734375 0.02564102564102564
0 0.39208984375 0.6095238095238096 0.0595703125 0.02783882783882784
0 0.74365234375 0.7677655677655678 0.0498046875 0.011721611721611722
0 0.64990234375 0.6813186813186813 0.0224609375 0.06446886446886448
0 0.02490234375 0.10695970695970695 0.0498046875 0.04835164835164835
0 0.4287109375 0.5538461538461539 0.03125 0.04249084249084249
0 0.45703125 0.5747252747252747 0.03125 0.01684981684981685
0 0.4873046875 0.5637362637362637 0.033203125 0.040293040293040296
0 0.51611328125 0.7388278388278389 0.0107421875 0.00805860805860806
0 0.20947265625 0.8754578754578755 0.0146484375 0.010256410256410256
0 0.23681640625 0.8769230769230769 0.0166015625 0.010256410256410256
