0 0.5857142857142857 0.0810546875 0.20293040293040293 0.052734375
0 0.29633699633699634 0.10498046875 0.17509157509157508 0.0439453125
0 0.4652014652014652 0.125 0.04249084249084249 0.02734375
0 0.5296703296703297 0.13525390625 0.08351648351648351 0.0302734375
0 0.3 0.08349609375 0.2175824175824176 0.0498046875
0 0.6358974358974359 0.1484375 0.12893772893772895 0.03515625
0 0.5637362637362637 0.04150390625 0.23076923076923078 0.0771484375
0 0.1824175824175824 0.380859375 0.3648351648351648 0.240234375
0 0.6860805860805861 0.39404296875 0.5531135531135531 0.1376953125
0 0.7036630036630037 0.490234375 0.5692307692307692 0.08984375
0 0.528937728937729 0.13525390625 0.026373626373626374 0.0205078125
