0 0.8125 0.8468864468864469 0.328125 0.11575091575091576
0 0.5888671875 0.8791208791208791 0.07421875 0.04395604395604396
0 0.38232421875 0.8304029304029305 0.3017578125 0.11648351648351649
0 0.119140625 0.793040293040293 0.1015625 0.07545787545787545
0 0.44970703125 0.8970695970695971 0.1162109375 0.02564102564102564
0 0.17822265625 0.8897435897435897 0.1240234375 0.02564102564102564
0 0.5908203125 0.8175824175824176 0.07421875 0.04395604395604396
0 0.31689453125 0.8952380952380953 0.1279296875 0.026373626373626374
0 0.8088566706730769 0.9115243730628345 0.31978665865384615 0.037757114680191696
0 0.203125 0.8245421245421245 0.07421875 0.10476190476190476
