0 0.3505859375 0.7677655677655678 0.08984375 0.28424908424908424
0 0.03955078125 0.9465201465201465 0.0283203125 0.05128205128205128
0 0.04541015625 0.8868131868131868 0.0263671875 0.041758241758241756
0 0.05126953125 0.8402930402930403 0.0224609375 0.02490842490842491
0 0.048828125 0.7161172161172161 0.083984375 0.012454212454212455
0 0.05029296875 0.7062271062271063 0.0849609375 0.011721611721611722
0 0.00341796875 0.7172161172161172 0.0068359375 0.010256410256410256
0 0.00390625 0.706959706959707 0.0078125 0.010256410256410256
0 0.96240234375 0.504029304029304 0.0751953125 0.02197802197802198
0 0.419921875 0.3139194139194139 0.095703125 0.5194139194139195
0 0.32177734375 0.3153846153846154 0.1044921875 0.517948717948718
0 0.0771484375 0.5021978021978022 0.021484375 0.041758241758241756
0 0.71923828125 0.7945054945054945 0.0185546875 0.02271062271062271
0 0.94091796875 0.4805860805860806 0.0263671875 0.020512820512820513
