0 0.31005859375 0.2501831501831502 0.2548828125 0.06373626373626373
0 0.39111328125 0.31465201465201464 0.0966796875 0.021245421245421246
0 0.490234375 0.8318681318681319 0.28515625 0.05201465201465202
0 0.490234375 0.8622710622710623 0.28515625 0.05860805860805861
0 0.2900390625 0.28534798534798533 0.056640625 0.02271062271062271
0 0.22412109375 0.2813186813186813 0.0595703125 0.02197802197802198
0 0.6044921875 0.6315018315018315 0.048828125 0.2549450549450549
0 0.501953125 0.6347985347985348 0.130859375 0.3626373626373626
0 0.2584215389784946 0.3072117846311395 0.14721942204301075 0.02440426956555989
0 0.3974609375 0.5600732600732601 0.05078125 0.1282051282051282
0 0.39306640625 0.7113553113553114 0.0517578125 0.1304029304029304
