0 0.312683284457478 0.46044921875 0.33651026392961875 0.2373046875
0 0.5854105571847508 0.46923828125 0.08577712609970674 0.0341796875
0 0.6785190615835777 0.45751953125 0.09164222873900293 0.0361328125
0 0.7694281524926686 0.4443359375 0.07551319648093842 0.033203125
0 0.841642228739003 0.43408203125 0.054252199413489736 0.0341796875
0 0.5568181818181818 0.80908203125 0.012463343108504398 0.0166015625
0 0.5832111436950147 0.80224609375 0.0344574780058651 0.0380859375
0 0.5549853372434017 0.8544921875 0.011730205278592375 0.015625
0 0.5817448680351907 0.84814453125 0.03592375366568915 0.0341796875
0 0.4189882697947214 0.90771484375 0.07551319648093842 0.0341796875
0 0.5098973607038123 0.89990234375 0.07844574780058651 0.0341796875
0 0.8031524926686217 0.88232421875 0.08870967741935484 0.0673828125
0 0.14149560117302054 0.9541015625 0.05278592375366569 0.03515625
0 0.20491202346041057 0.95068359375 0.038856304985337244 0.0283203125
0 0.47617302052785926 0.52099609375 0.028592375366568914 0.0751953125
0 0.7038123167155426 0.40673828125 0.3255131964809384 0.0986328125
0 0.9167888563049853 0.55712890625 0.16495601173020527 0.0537109375
0 0.24266862170087977 0.8544921875 0.18621700879765396 0.1640625
0 0.7972873900293255 0.92333984375 0.07404692082111437 0.0283203125
0 0.4310850439882698 0.84033203125 0.21114369501466276 0.1259765625
