0 0.74853515625 0.8524408284023669 0.2900390625 0.13535502958579881
0 0.7939453125 0.7762573964497042 0.158203125 0.022928994082840236
0 0.7685546875 0.7481508875739645 0.103515625 0.021449704142011833
0 0.79150390625 0.5003698224852071 0.1201171875 0.46671597633136097
0 0.41748046875 0.8147189349112426 0.0654296875 0.10133136094674557
0 0.48193359375 0.8169378698224852 0.0634765625 0.09985207100591716
0 0.54638671875 0.816198224852071 0.0615234375 0.10281065088757396
0 0.478515625 0.3894230769230769 0.12890625 0.34541420118343197
0 0.48291015625 0.1760355029585799 0.1298828125 0.0621301775147929
0 0.1826171875 0.9644970414201184 0.03515625 0.05325443786982249
0 0.2333984375 0.48298816568047337 0.12109375 0.023668639053254437
0 0.076171875 0.7085798816568047 0.109375 0.5088757396449705
0 0.2509765625 0.9460059171597633 0.1015625 0.07396449704142012
0 0.2255859375 0.6605029585798816 0.123046875 0.28402366863905326
0 0.23193359375 0.4460059171597633 0.0791015625 0.042899408284023666
0 0.7507512019230769 0.9199729429019371 0.20943509615384615 0.06479795680979115
