0 0.26776556776556776 0.45068359375 0.0945054945054945 0.0322265625
0 0.2531135531135531 0.71923828125 0.034432234432234435 0.0263671875
0 0.20549450549450549 0.716796875 0.035897435897435895 0.02734375
0 0.15787545787545787 0.716796875 0.034432234432234435 0.025390625
0 0.2293040293040293 0.65234375 0.19047619047619047 0.1015625
0 0.7625104268668625 0.6401705600247525 0.15410002538715412 0.07330987004950495
0 0.7457875457875458 0.5810546875 0.12893772893772895 0.103515625
0 0.5706959706959707 0.662109375 0.22564102564102564 0.208984375
0 0.30036630036630035 0.72021484375 0.035164835164835165 0.0263671875
0 0.258974358974359 0.41748046875 0.07838827838827839 0.0322265625
0 0.25824175824175827 0.37451171875 0.07985347985347985 0.0283203125
0 0.16373626373626374 0.4248046875 0.047619047619047616 0.017578125
0 0.17655677655677657 0.353515625 0.07326007326007326 0.0390625
0 0.6978021978021978 0.31689453125 0.10476190476190476 0.0478515625
0 0.6934065934065934 0.22216796875 0.16923076923076924 0.0771484375
0 0.20183150183150184 0.427734375 0.027106227106227107 0.015625
0 0.17802197802197803 0.44873046875 0.08058608058608059 0.0224609375
