0 0.37158203125 0.5908424908424909 0.0673828125 0.0315018315018315
0 0.61767578125 0.5186813186813187 0.0576171875 0.01611721611721612
0 0.59912109375 0.45567765567765567 0.0771484375 0.09084249084249084
0 0.5966796875 0.358974358974359 0.078125 0.08351648351648351
0 0.4208113998440285 0.04652014652014652 0.06072095031194297 0.09304029304029304
0 0.505859375 0.6673992673992674 0.05078125 0.04542124542124542
0 0.0654296875 0.6307692307692307 0.021484375 0.04542124542124542
0 0.5048828125 0.7168498168498169 0.048828125 0.04908424908424908
0 0.36181640625 0.6765567765567766 0.0712890625 0.03296703296703297
0 0.36669921875 0.6326007326007326 0.0673828125 0.0315018315018315
0 0.22359212239583334 0.09287749287749289 0.060628255208333315 0.15205535205535206
