0 0.31396484375 0.9172161172161172 0.4306640625 0.11135531135531136
0 0.28125 0.15164835164835164 0.05078125 0.06446886446886448
0 0.37158203125 0.504029304029304 0.2431640625 0.7575091575091575
0 0.3447265625 0.04835164835164835 0.044921875 0.035164835164835165
0 0.40673828125 0.06336996336996337 0.0439453125 0.034432234432234435
0 0.34521484375 0.07948717948717948 0.0419921875 0.034432234432234435
0 0.40234375 0.09230769230769231 0.041015625 0.03076923076923077
0 0.3994140625 0.12051282051282051 0.05078125 0.01098901098901099
0 0.447265625 0.11904761904761904 0.046875 0.01684981684981685
0 0.27197265625 0.2293040293040293 0.0576171875 0.0967032967032967
0 0.255859375 0.3597069597069597 0.07421875 0.17582417582417584
0 0.236328125 0.5267399267399268 0.0859375 0.1728937728937729
0 0.2109375 0.7234432234432234 0.09765625 0.23663003663003662
