0 0.26703296703296703 0.9140625 0.25274725274725274 0.05078125
0 0.53003663003663 0.88525390625 0.2542124542124542 0.1708984375
0 0.9355311355311355 0.5283203125 0.12893772893772895 0.44140625
0 0.4230769230769231 0.369140625 0.3597069597069597 0.12890625
0 0.7663003663003664 0.8212890625 0.023443223443223443 0.013671875
0 0.7351648351648352 0.8203125 0.034432234432234435 0.015625
0 0.747985347985348 0.79736328125 0.06153846153846154 0.0263671875
0 0.7395604395604396 0.76953125 0.047619047619047616 0.025390625
0 0.06593406593406594 0.9130859375 0.03663003663003663 0.01953125
0 0.02673992673992674 0.912109375 0.04468864468864469 0.017578125
0 0.11355311355311355 0.9140625 0.05567765567765568 0.02734375
0 0.7952380952380952 0.4248046875 0.09157509157509157 0.03125
0 0.7882783882783883 0.39208984375 0.08791208791208792 0.0322265625
0 0.7838827838827839 0.3583984375 0.08351648351648351 0.02734375
0 0.15384615384615385 0.33203125 0.0967032967032967 0.03125
0 0.08534798534798535 0.86083984375 0.13553113553113552 0.0341796875
0 0.20732600732600734 0.86279296875 0.09816849816849817 0.0361328125
0 0.2948717948717949 0.86474609375 0.06227106227106227 0.0302734375
0 0.363003663003663 0.86572265625 0.05787545787545788 0.0322265625
