0 0.5322265625 0.7362637362637363 0.376953125 0.03663003663003663
0 0.71923828125 0.6285714285714286 0.1259765625 0.029304029304029304
0 0.59326171875 0.6249084249084249 0.0849609375 0.026373626373626374
0 0.40283203125 0.6238095238095238 0.2548828125 0.035897435897435895
0 0.4384765625 0.4860805860805861 0.146484375 0.05934065934065934
0 0.5283203125 0.680952380952381 0.458984375 0.03882783882783883
0 0.56396484375 0.5010989010989011 0.0947265625 0.026373626373626374
0 0.69580078125 0.5051282051282051 0.1357421875 0.030036630036630037
0 0.56396484375 0.5333333333333333 0.4052734375 0.0336996336996337
0 0.5263671875 0.8505494505494505 0.63671875 0.03956043956043956
0 0.78173828125 0.7915750915750915 0.2412109375 0.03296703296703297
0 0.53564453125 0.7926739926739926 0.1650390625 0.035164835164835165
0 0.2744140625 0.7948717948717948 0.265625 0.03956043956043956
