0 0.244140625 0.6860805860805861 0.044921875 0.03882783882783883
0 0.17431640625 0.9622710622710623 0.1904296875 0.027106227106227107
0 0.17529296875 0.9351648351648352 0.1904296875 0.027106227106227107
0 0.1806640625 0.8391941391941392 0.185546875 0.0315018315018315
0 0.2412109375 0.7373626373626374 0.044921875 0.03882783882783883
0 0.25 0.5340659340659341 0.04296875 0.03956043956043956
0 0.1611328125 0.6615384615384615 0.083984375 0.3018315018315018
0 0.2048927017405063 0.3850790559651319 0.16502670094936706 0.22395326192794543
0 0.21836061115506328 0.22606296656929567 0.14179934731012656 0.01989150090415914
0 0.2109375 0.252014652014652 0.09765625 0.013186813186813187
0 0.248046875 0.5842490842490843 0.044921875 0.03882783882783883
0 0.24609375 0.6355311355311355 0.044921875 0.03882783882783883
0 0.23828125 0.7886446886446886 0.044921875 0.03882783882783883
0 0.1796875 0.8684981684981685 0.18359375 0.02857142857142857
0 0.19677734375 0.9084249084249084 0.1533203125 0.026373626373626374
