0 0.6065934065934065 0.49169921875 0.7736263736263737 0.1240234375
0 0.10476190476190476 0.49169921875 0.014652014652014652 0.0107421875
0 0.9714285714285714 0.90966796875 0.01904761904761905 0.0302734375
0 0.9857142857142858 0.86181640625 0.021245421245421246 0.0361328125
0 0.9633699633699634 0.8076171875 0.020512820512820513 0.03515625
0 0.14395604395604394 0.94384765625 0.20732600732600734 0.0654296875
0 0.11025641025641025 0.501953125 0.027106227106227107 0.009765625
0 0.954945054945055 0.9609375 0.09010989010989011 0.056640625
0 0.6076923076923076 0.75 0.041758241758241756 0.015625
0 0.5328267477203648 0.667490857712766 0.9284856986984646 0.0654504654255319
0 0.8604395604395605 0.59912109375 0.27765567765567767 0.0634765625
0 0.378601304133219 0.5983973293439717 0.6127607616969319 0.06788840868794332
