0 0.76611328125 0.8391941391941392 0.1259765625 0.20732600732600734
0 0.23388671875 0.8553113553113553 0.0419921875 0.11648351648351649
0 0.23095703125 0.7655677655677655 0.0380859375 0.05274725274725275
0 0.20308927210365857 0.11243634414366123 0.0479468368902439 0.01688555347091931
0 0.20166015625 0.09084249084249084 0.0576171875 0.026373626373626374
0 0.3188833841463415 0.11903868489234344 0.13776676829268297 0.05710712052175468
0 0.4482421875 0.1380952380952381 0.123046875 0.05054945054945055
0 0.5380859375 0.6 0.228515625 0.07912087912087912
0 0.70068359375 0.20366300366300366 0.0830078125 0.02197802197802198
0 0.7021484375 0.2153846153846154 0.083984375 0.020512820512820513
0 0.3662109375 0.593040293040293 0.0546875 0.02564102564102564
