0 0.2021484375 0.17875457875457876 0.044921875 0.04395604395604396
0 0.27734375 0.1663003663003663 0.07421875 0.04981684981684982
0 0.22216796875 0.9106227106227106 0.0537109375 0.020512820512820513
0 0.2470703125 0.21025641025641026 0.12890625 0.0380952380952381
0 0.6015625 0.14615384615384616 0.501953125 0.14725274725274726
0 0.810546875 0.8428571428571429 0.166015625 0.034432234432234435
0 0.5380859375 0.7923076923076923 0.708984375 0.16483516483516483
0 0.30712890625 0.9014652014652015 0.1025390625 0.027106227106227107
0 0.38525390625 0.8945054945054945 0.0322265625 0.02197802197802198
0 0.46240234375 0.8838827838827839 0.1064453125 0.02857142857142857
0 0.548828125 0.8728937728937729 0.048828125 0.02564102564102564
0 0.64990234375 0.8611721611721612 0.1396484375 0.035897435897435895
