0 0.4948717948717949 0.7421875 0.701098901098901 0.193359375
0 0.18681318681318682 0.85009765625 0.1054945054945055 0.0732421875
0 0.2754578754578755 0.8573704769736842 0.05567765567765568 0.03895970394736836
0 0.3564102564102564 0.86083984375 0.0945054945054945 0.0654296875
0 0.5446886446886446 0.84228515625 0.10476190476190476 0.0419921875
0 0.4912087912087912 0.884765625 0.054945054945054944 0.041015625
0 0.5761904761904761 0.88720703125 0.04908424908424908 0.0380859375
0 0.765050900020225 0.8546030243481595 0.19883592889727864 0.04665332630368102
0 0.7684801905660801 0.8949536282592024 0.19490775073597164 0.04407711848159512
0 0.5357722446330041 0.8853960640822784 0.029211295034079845 0.029049643987341778
