0 0.6446220930232558 0.7246473849176647 0.6802325581395349 0.35343960516467066
0 0.0501453488372093 0.7138671875 0.0436046511627907 0.03125
0 0.5178052325581395 0.072265625 0.047238372093023256 0.060546875
0 0.518531976744186 0.09228515625 0.04433139534883721 0.0498046875
0 0.2623546511627907 0.89697265625 0.04796511627906977 0.0458984375
0 0.2590843023255814 0.931640625 0.04433139534883721 0.037109375
0 0.8812891323792487 0.7247470953525641 0.2112589445438282 0.1155098157051282
0 0.7122093023255814 0.78369140625 0.11773255813953488 0.0771484375
0 0.6061046511627907 0.8193359375 0.08430232558139535 0.06640625
0 0.48546511627906974 0.86181640625 0.0377906976744186 0.0458984375
0 0.35719476744186046 0.9072265625 0.03997093023255814 0.044921875
0 0.31940406976744184 0.92138671875 0.038517441860465115 0.0458984375
0 0.5079941860465116 0.28515625 0.07122093023255814 0.375
0 0.05995639534883721 0.65185546875 0.03997093023255814 0.0830078125
0 0.5330668604651163 0.84619140625 0.053052325581395346 0.0517578125
0 0.4429505813953488 0.876953125 0.04578488372093023 0.046875
0 0.39825581395348836 0.892578125 0.04215116279069767 0.046875
