0 0.583984375 0.9048720510258972 0.0859375 0.02271062271062271
0 0.4912109375 0.765934065934066 0.171875 0.07252747252747253
0 0.3421852805397727 0.7376540126540128 0.06802645596590912 0.027589077589077735
0 0.8134765625 0.7402930402930403 0.27734375 0.05934065934065934
0 0.3916015625 0.8853479853479853 0.138671875 0.03736263736263736
0 0.42626953125 0.8556776556776556 0.0595703125 0.013186813186813187
0 0.3544921875 0.8600732600732601 0.05078125 0.011721611721611722
0 0.35302734375 0.9179487179487179 0.0615234375 0.017582417582417582
0 0.41748046875 0.9139194139194139 0.0634765625 0.01684981684981685
0 0.46826171875 0.9113553113553113 0.0361328125 0.017582417582417582
0 0.5908203125 0.8736263736263736 0.22265625 0.05347985347985348
0 0.4349809126420455 0.7225607725607726 0.10105202414772724 0.034865134865134886
0 0.5341574928977273 0.7072594072594072 0.08469460227272718 0.03256743256743251
