0 0.5693359375 0.445916114790287 0.041015625 0.047093451066961
0 0.5810546875 0.5967623252391464 0.08203125 0.1751287711552612
0 0.59814453125 0.8274466519499633 0.0166015625 0.037527593818984545
0 0.5478515625 0.9437086092715232 0.048828125 0.024282560706401765
0 0.84814453125 0.4326710816777042 0.2568359375 0.2016188373804268
0 0.6123046875 0.43451066961000734 0.041015625 0.047829286239882265
0 0.60498046875 0.2071376011773363 0.0830078125 0.271523178807947
0 0.59423828125 0.3826342899190581 0.0810546875 0.08094186902133922
0 0.60400390625 0.7137601177336277 0.0185546875 0.07211184694628403
0 0.60107421875 0.7788815305371597 0.0166015625 0.036055923473142015
0 0.5947265625 0.8855776306107432 0.017578125 0.05371596762325239
0 0.564453125 0.9628403237674761 0.083984375 0.033112582781456956
0 0.56201171875 0.8050036791758646 0.0615234375 0.24282560706401765
