0 0.5966796875 0.8223443223443223 0.029296875 0.015384615384615385
0 0.24658203125 0.8578754578754578 0.0302734375 0.017582417582417582
0 0.2744140625 0.8556776556776556 0.021484375 0.01611721611721612
0 0.298828125 0.8523809523809524 0.0234375 0.01684981684981685
0 0.322265625 0.8498168498168498 0.01953125 0.014652014652014652
0 0.3515625 0.8468864468864469 0.033203125 0.017582417582417582
0 0.39306640625 0.8435897435897436 0.0361328125 0.01684981684981685
0 0.4267578125 0.8395604395604396 0.02734375 0.017582417582417582
0 0.4658203125 0.8351648351648352 0.046875 0.01904761904761905
0 0.509765625 0.8300366300366301 0.037109375 0.01904761904761905
0 0.55615234375 0.8267399267399267 0.0478515625 0.021245421245421246
0 0.6396484375 0.8186813186813187 0.0546875 0.01978021978021978
0 0.6904296875 0.815018315018315 0.03125 0.018315018315018316
0 0.72265625 0.810989010989011 0.033203125 0.01904761904761905
0 0.759765625 0.8076923076923077 0.04296875 0.01978021978021978
0 0.80517578125 0.8040293040293041 0.0400390625 0.01978021978021978
0 0.8720703125 0.7996336996336997 0.08984375 0.02564102564102564
0 0.07763671875 0.8417582417582418 0.0849609375 0.060073260073260075
0 0.52978515625 0.7728937728937729 0.7333984375 0.1597069597069597
0 0.1728515625 0.8666666666666667 0.044921875 0.020512820512820513
0 0.21240234375 0.8641025641025641 0.0302734375 0.015384615384615385
