0 0.72802734375 0.38673579941185576 0.0771484375 0.1657225403704277
0 0.79541015625 0.5743589743589743 0.3251953125 0.0380952380952381
0 0.8369140625 0.2424908424908425 0.12890625 0.09963369963369964
0 0.65673828125 0.23882783882783884 0.1142578125 0.09377289377289377
0 0.9373046875 0.08901098901098901 0.05703125000000009 0.11941391941391942
0 0.86064453125 0.09164835164835164 0.05722656249999991 0.12000000000000001
0 0.77666015625 0.09252747252747252 0.05605468749999998 0.11824175824175824
0 0.69111328125 0.09208791208791209 0.06191406249999998 0.11619047619047619
0 0.62890625 0.4106227106227106 0.080078125 0.2205128205128205
0 0.9221569652288732 0.41794871794871796 0.0825951804577465 0.2175824175824176
0 0.8235585387323944 0.38925862869524847 0.07485145246478875 0.16148171077748547
