0 0.30859375 0.5963369963369963 0.07421875 0.046886446886446886
0 0.318359375 0.6227106227106227 0.029296875 0.011721611721611722
0 0.32421875 0.6351648351648351 0.03125 0.011721611721611722
0 0.27490234375 0.7945054945054945 0.0146484375 0.030036630036630037
0 0.27490234375 0.8186813186813187 0.0166015625 0.01978021978021978
0 0.42529296875 0.8282051282051283 0.0654296875 0.02271062271062271
0 0.4248046875 0.8443223443223443 0.02734375 0.009523809523809525
0 0.42421875 0.8562271062271062 0.05742187500000001 0.012087912087912088
0 0.92578125 0.6284849981479195 0.029296875 0.13316047248631516
0 0.88427734375 0.8842490842490842 0.1474609375 0.03223443223443224
0 0.75830078125 0.8901098901098901 0.0986328125 0.03223443223443224
0 0.650390625 0.8967032967032967 0.08984375 0.035164835164835165
0 0.5400390625 0.9010989010989011 0.109375 0.03223443223443224
0 0.4033203125 0.8772893772893773 0.009765625 0.021245421245421246
0 0.40380859375 0.8952380952380953 0.0087890625 0.01611721611721612
