0 0.77392578125 0.667032967032967 0.1357421875 0.01684981684981685
0 0.94970703125 0.5967032967032967 0.0615234375 0.23223443223443224
0 0.6455078125 0.6208791208791209 0.1953125 0.03296703296703297
0 0.560546875 0.6043956043956044 0.01953125 0.01611721611721612
0 0.61669921875 0.5934065934065934 0.0869140625 0.041025641025641026
0 0.31689453125 0.6904761904761905 0.1552734375 0.01978021978021978
0 0.22216796875 0.6494505494505495 0.1806640625 0.03296703296703297
0 0.5986328125 0.9182035355948399 0.44921875 0.1020544672718586
0 0.6237136676747312 0.6762915698399569 0.14905703965053763 0.020715007811782017
0 0.57958984375 0.545054945054945 0.0517578125 0.011721611721611722
0 0.380859375 0.6084249084249084 0.052734375 0.015384615384615385
0 0.38037109375 0.6868131868131868 0.0068359375 0.009523809523809525
0 0.1713027133736559 0.6985164178712565 0.12559153785842292 0.018278256987934415
0 0.18603515625 0.610989010989011 0.1025390625 0.04981684981684982
