0 0.60693359375 0.7857142857142857 0.3017578125 0.035897435897435895
0 0.6120975378787878 0.6674658674658674 0.2945075757575757 0.039693639693639655
0 0.609375 0.7256410256410256 0.296875 0.035897435897435895
0 0.59423828125 0.263003663003663 0.0830078125 0.0336996336996337
0 0.7080518018018018 0.2762267762267762 0.13075380067567555 0.032307032307032295
0 0.61376953125 0.34212454212454213 0.1923828125 0.0380952380952381
0 0.600393584280303 0.8545787545787545 0.32383404356060597 0.05201465201465202
0 0.615234375 0.5518148518148518 0.29296875 0.047219447219447166
0 0.614065459280303 0.6094461094461094 0.29649029356060597 0.03940503940503938
0 0.5922489872685185 0.9527472527472527 0.370044849537037 0.03296703296703297
0 0.6055516316881919 0.9179865644810294 0.30094701337638374 0.030693537704607875
0 0.6201171875 0.38571428571428573 0.28515625 0.05347985347985348
0 0.61767578125 0.4424908424908425 0.2900390625 0.04835164835164835
0 0.62060546875 0.49633699633699635 0.2822265625 0.046153846153846156
0 0.49169921875 0.23296703296703297 0.0380859375 0.011721611721611722
0 0.66357421875 0.22857142857142856 0.2568359375 0.07326007326007326
