0 0.1064453125 0.7186813186813187 0.046875 0.08058608058608059
0 0.623046875 0.21868131868131868 0.1015625 0.01684981684981685
0 0.6669921875 0.4146520146520147 0.103515625 0.010256410256410256
0 0.4111328125 0.5714285714285714 0.1875 0.6593406593406593
0 0.22607421875 0.5172161172161173 0.0166015625 0.046886446886446886
0 0.4384765625 0.9417582417582417 0.150390625 0.05641025641025641
0 0.63330078125 0.9406593406593406 0.1865234375 0.05714285714285714
0 0.26318359375 0.9384615384615385 0.1259765625 0.05860805860805861
0 0.15576171875 0.7468864468864469 0.0283203125 0.024175824175824177
0 0.5517578125 0.5241758241758242 0.087890625 0.030036630036630037
0 0.189453125 0.6655677655677655 0.052734375 0.05934065934065934
0 0.1484375 0.6857142857142857 0.04296875 0.08351648351648351
