0 0.6853479853479854 0.87060546875 0.047619047619047616 0.0205078125
0 0.7007326007326007 0.9267578125 0.07106227106227106 0.01953125
0 0.6249084249084249 0.92529296875 0.060073260073260075 0.0205078125
0 0.5007326007326007 0.92333984375 0.01391941391941392 0.0205078125
0 0.5461538461538461 0.9248046875 0.08131868131868132 0.01953125
0 0.7706959706959707 0.90185546875 0.04542124542124542 0.0205078125
0 0.7227106227106227 0.900390625 0.04908424908424908 0.021484375
0 0.6604395604395604 0.89794921875 0.07106227106227106 0.0224609375
0 0.5886446886446887 0.89501953125 0.06666666666666667 0.0224609375
0 0.5175824175824176 0.89404296875 0.07106227106227106 0.0244140625
0 0.4472527472527473 0.892578125 0.06227106227106227 0.025390625
0 0.3772893772893773 0.890625 0.06446886446886448 0.025390625
0 0.7901098901098901 0.87451171875 0.0652014652014652 0.0224609375
0 0.7326007326007326 0.87255859375 0.046886446886446886 0.0205078125
0 0.5688644688644688 0.86376953125 0.015384615384615385 0.0205078125
0 0.5007326007326007 0.8623046875 0.05934065934065934 0.025390625
0 0.4399267399267399 0.85986328125 0.06227106227106227 0.0244140625
0 0.189010989010989 0.78173828125 0.13772893772893774 0.1494140625
0 0.6322344322344322 0.8681640625 0.05128205128205128 0.0234375
0 0.593040293040293 0.86572265625 0.030036630036630037 0.0244140625
0 0.6608058608058608 0.92626953125 0.011721611721611722 0.0185546875
0 0.545054945054945 0.86376953125 0.026373626373626374 0.0205078125
0 0.3706959706959707 0.857421875 0.06153846153846154 0.025390625
0 0.7124542124542125 0.80322265625 0.25860805860805863 0.1083984375
0 0.4153846153846154 0.7802734375 0.26373626373626374 0.123046875
0 0.19706959706959706 0.89208984375 0.19047619047619047 0.0478515625
