0 0.5103858741554055 0.30313830313830314 0.7194626266891891 0.14913374913374916
0 0.3995328336148649 0.6959706959706959 0.3283625422297298 0.11868131868131868
0 0.11767578125 0.7344322344322345 0.1845703125 0.1956043956043956
0 0.345703125 0.9673992673992674 0.017578125 0.00805860805860806
0 0.3837890625 0.9692307692307692 0.060546875 0.008791208791208791
0 0.6318359375 0.9827838827838827 0.017578125 0.00805860805860806
0 0.3940641983695652 0.9949354992833253 0.018597146739130432 0.008663799968147801
0 0.53759765625 0.7758241758241758 0.2041015625 0.07032967032967033
0 0.7187763935810811 0.6722304722304723 0.14120565878378377 0.09405009405009401
0 0.8408203125 0.7395208395208395 0.158203125 0.10191070191070192
