0 0.76708984375 0.7413919413919414 0.3876953125 0.0967032967032967
0 0.80859375 0.8399267399267399 0.30859375 0.09304029304029304
0 0.63720703125 0.22564102564102564 0.0869140625 0.0336996336996337
0 0.73828125 0.056043956043956046 0.25390625 0.10183150183150183
0 0.74853515625 0.15457875457875458 0.3994140625 0.08351648351648351
0 0.8027768342391305 0.2205128205128205 0.2216796875 0.0380952380952381
0 0.74462890625 0.32967032967032966 0.3154296875 0.08644688644688645
0 0.7535347316576086 0.4315018315018315 0.3176163383152174 0.08498168498168499
0 0.76513671875 0.5395604395604395 0.3779296875 0.08131868131868132
0 0.52783203125 0.44468864468864466 0.0087890625 0.010256410256410256
0 0.759765625 0.6373626373626373 0.216796875 0.08791208791208792
