0 0.3741123956224696 0.7644688644688644 0.16033416624493924 0.034432234432234435
0 0.80419921875 0.9373626373626374 0.0908203125 0.03296703296703297
0 0.79541015625 0.7472527472527473 0.0361328125 0.126007326007326
0 0.7928110442546583 0.6345801196732873 0.03874708850931674 0.10139467158100696
0 0.3545949835526316 0.8639943052898518 0.15250980516194335 0.025507555871928284
0 0.3431095015182186 0.8336432797971259 0.07684400303643724 0.02333051563820792
0 0.4041861715587044 0.8010989010989011 0.12912765688259115 0.0315018315018315
0 0.37646484375 0.7278388278388278 0.1279296875 0.034432234432234435
0 0.767578125 0.7645962732919255 0.02734375 0.08889950629081063
0 0.76220703125 0.6904761904761905 0.0283203125 0.06227106227106227
0 0.2682799057439271 0.7941658880930136 0.1205441864878542 0.032287820142071044
0 0.24951171875 0.7604395604395604 0.0673828125 0.03223443223443224
0 0.267578125 0.7194139194139194 0.0703125 0.02783882783882784
