0 0.7944606413994169 0.81494140625 0.12536443148688048 0.0888671875
0 0.73432944606414 0.48095703125 0.04446064139941691 0.1279296875
0 0.7715014577259475 0.60400390625 0.0575801749271137 0.1728515625
0 0.6497813411078717 0.8994140625 0.021137026239067054 0.037109375
0 0.30174927113702626 0.927734375 0.02478134110787172 0.046875
0 0.5134839650145773 0.79248046875 0.11734693877551021 0.0966796875
0 0.7678571428571429 0.4580078125 0.05466472303206997 0.126953125
0 0.7299562682215743 0.35546875 0.048833819241982504 0.13671875
0 0.896865889212828 0.8291015625 0.04591836734693878 0.025390625
0 0.9059766763848397 0.80322265625 0.07580174927113703 0.0263671875
