0 0.7813186813186813 0.990234375 0.06373626373626373 0.01953125
0 0.921978021978022 0.96240234375 0.01391941391941392 0.0458984375
0 0.9443223443223443 0.96728515625 0.026373626373626374 0.0185546875
0 0.23846153846153847 0.52978515625 0.12380952380952381 0.0791015625
0 0.3076923076923077 0.9580078125 0.08205128205128205 0.0234375
0 0.4684981684981685 0.96044921875 0.08131868131868132 0.0205078125
0 0.6673992673992674 0.96923828125 0.017582417582417582 0.0126953125
0 0.6677655677655677 0.98046875 0.018315018315018316 0.0078125
0 0.09597069597069598 0.75244140625 0.0761904761904762 0.0556640625
0 0.13992673992673993 0.5283203125 0.08498168498168499 0.03515625
0 0.30732600732600734 0.9248046875 0.08278388278388278 0.033203125
0 0.46483516483516485 0.92724609375 0.08278388278388278 0.0322265625
0 0.32967032967032966 0.55029296875 0.09963369963369964 0.0361328125
0 0.2827838827838828 0.5859375 0.10842490842490843 0.029296875
0 0.5886446886446887 0.54345703125 0.4065934065934066 0.0810546875
0 0.4318681318681319 0.6015625 0.06666666666666667 0.0234375
0 0.5282051282051282 0.60498046875 0.05128205128205128 0.0244140625
0 0.6285714285714286 0.60791015625 0.0673992673992674 0.0244140625
0 0.7395604395604396 0.61181640625 0.0695970695970696 0.0244140625
