0 0.81298828125 0.915018315018315 0.1494140625 0.03956043956043956
0 0.689453125 0.9029304029304029 0.064453125 0.035897435897435895
0 0.677734375 0.882051282051282 0.064453125 0.03663003663003663
0 0.52978515625 0.9736263736263736 0.1630859375 0.0336996336996337
0 0.54345703125 0.7373626373626374 0.5400390625 0.06227106227106227
0 0.51220703125 0.9238095238095239 0.1865234375 0.060073260073260075
0 0.9154038703304598 0.921775925224201 0.0244140625 0.02271062271062271
0 0.8654083602729885 0.9730242937139487 0.09883485991379315 0.013447854827165342
0 0.7890625 0.9732600732600732 0.029296875 0.01391941391941392
0 0.832861889367816 0.9505494505494505 0.189453125 0.030036630036630037
0 0.353515625 0.9113553113553113 0.12890625 0.07472527472527472
0 0.240234375 0.9267399267399268 0.09765625 0.04395604395604396
0 0.5361328125 0.6410256410256411 0.537109375 0.14065934065934066
0 0.3154296875 0.9725274725274725 0.248046875 0.035897435897435895
0 0.9071199263649425 0.9203486169003411 0.04010641163793105 0.023443223443223443
