0 0.87841796875 0.32783882783882784 0.0517578125 0.009523809523809525
0 0.443359375 0.2282051282051282 0.125 0.3963369963369963
0 0.59619140625 0.2293040293040293 0.1259765625 0.3912087912087912
0 0.44775390625 0.7282051282051282 0.1259765625 0.46007326007326005
0 0.58837890625 0.7252747252747253 0.1279296875 0.45567765567765567
0 0.271484375 0.2600732600732601 0.083984375 0.02490842490842491
0 0.25244140625 0.2772893772893773 0.1259765625 0.01098901098901099
0 0.30419921875 0.3120879120879121 0.0361328125 0.010256410256410256
0 0.87841796875 0.3183150183150183 0.0537109375 0.009523809523809525
0 0.9169921875 0.30512820512820515 0.0390625 0.009523809523809525
0 0.8955078125 0.2571428571428571 0.01953125 0.063003663003663
0 0.9248046875 0.34102564102564104 0.015625 0.01098901098901099
0 0.1806640625 0.258974358974359 0.091796875 0.02564102564102564
0 0.83642578125 0.3648351648351648 0.0068359375 0.005860805860805861
0 0.998046875 0.21318681318681318 0.00390625 0.007326007326007326
