0 0.3332175121612231 0.3427734375 0.010423905489923557 0.01171875
0 0.21577484364141766 0.3173828125 0.1063238359972203 0.111328125
0 0.3877692842251564 0.29150390625 0.05142460041695622 0.0947265625
0 0.6538714750740646 0.5359786184210525 0.5899930507296733 0.18359375
0 0.3220986796386379 0.31396484375 0.03822098679638638 0.0361328125
0 0.9016678248783878 0.34521484375 0.022932592077831826 0.0849609375
0 0.6285615010423905 0.20458984375 0.4079221681723419 0.0947265625
0 0.17929117442668518 0.89892578125 0.35858234885337037 0.1162109375
0 0.8888116747741487 0.9767166940789471 0.14176511466296038 0.047594572368420796
0 0.605428502770894 0.3072211516396862 0.3626563469847682 0.0787019411298398
0 0.6911049339819318 0.96826171875 0.20083391243919388 0.0439453125
0 0.773691525547712 0.8983861019736844 0.3676164002779708 0.130859375
0 0.27275886031966645 0.96484375 0.17164697706740792 0.04296875
0 0.07991660875608061 0.97216796875 0.15983321751216123 0.0380859375
