0 0.7690160502442428 0.70361328125 0.05722260990928123 0.0517578125
0 0.6716678297278437 0.6787109375 0.14584787159804605 0.087890625
0 0.2947809160024975 0.5874537417763157 0.570242773717266 0.19423314144736847
0 0.5083740404745289 0.5029296875 0.9385903698534543 0.451171875
0 0.17515701325889743 0.84765625 0.212142358688067 0.197265625
0 0.9462665736217725 0.95263671875 0.0628053035589672 0.0244140625
0 0.5087229588276343 0.86669921875 0.4173063503140265 0.1572265625
0 0.9556873691556176 0.75244140625 0.08862526168876483 0.0576171875
0 0.9427773900907188 0.90771484375 0.10048848569434753 0.0830078125
0 0.8046057222609909 0.8662109375 0.009769713886950453 0.033203125
0 0.8656664340544312 0.72705078125 0.050942079553384506 0.0537109375
0 0.8192602930914166 0.71533203125 0.055826936496859735 0.0556640625
