0 0.4213532513181019 0.52490234375 0.6107205623901582 0.1748046875
0 0.5448154657293497 0.73974609375 0.09666080843585237 0.0341796875
0 0.4121265377855888 0.76220703125 0.15992970123022848 0.0537109375
0 0.9336555360281195 0.455078125 0.09578207381370826 0.041015625
0 0.35500878734622143 0.447265625 0.38137082601054484 0.08203125
0 0.7917398945518453 0.474609375 0.10017574692442882 0.04296875
0 0.9020210896309314 0.5263671875 0.1695957820738137 0.056640625
0 0.6454305799648506 0.7236328125 0.07820738137082602 0.033203125
0 0.6124780316344464 0.79638671875 0.546572934973638 0.1708984375
0 0.7231985940246046 0.86572265625 0.2759226713532513 0.0751953125
0 0.7021089630931459 0.72021484375 0.028119507908611598 0.0146484375
0 0.7759226713532513 0.70361328125 0.06854130052724078 0.0302734375
0 0.8326010544815465 0.70068359375 0.030755711775043937 0.0146484375
0 0.5008787346221442 0.89208984375 0.16695957820738136 0.0595703125
