0 0.05641025641025641 0.9375 0.1054945054945055 0.078125
0 0.1901098901098901 0.97802734375 0.018315018315018316 0.0380859375
0 0.1564102564102564 0.94677734375 0.012454212454212455 0.0419921875
0 0.10695970695970695 0.9208984375 0.023443223443223443 0.044921875
0 0.023076923076923078 0.8603515625 0.01684981684981685 0.044921875
0 0.05054945054945055 0.83642578125 0.008791208791208791 0.0166015625
0 0.03772893772893773 0.8271484375 0.01098901098901099 0.01953125
0 0.8446886446886447 0.70166015625 0.1509157509157509 0.0537109375
0 0.697069597069597 0.7041015625 0.12234432234432234 0.05859375
0 0.7692307692307693 0.63330078125 0.2783882783882784 0.0712890625
0 0.060805860805860805 0.88623046875 0.014652014652014652 0.0419921875
0 0.3626373626373626 0.669921875 0.4937728937728938 0.123046875
