0 0.3722472259963768 0.48631947762382544 0.21910382699275355 0.8339544513457556
0 0.04443359375 0.40512820512820513 0.0830078125 0.05128205128205128
0 0.04345703125 0.4509157509157509 0.0869140625 0.054945054945054944
0 0.05078125 0.35128205128205126 0.05859375 0.01978021978021978
0 0.060546875 0.1652014652014652 0.076171875 0.030036630036630037
0 0.0654296875 0.1824175824175824 0.046875 0.01904761904761905
0 0.037109375 0.3076923076923077 0.072265625 0.023443223443223443
0 0.01220703125 0.34395604395604396 0.0205078125 0.02857142857142857
0 0.03759765625 0.3728937728937729 0.0673828125 0.01904761904761905
0 0.0244140625 0.5263736263736264 0.048828125 0.04468864468864469
0 0.0517578125 0.5234432234432235 0.00390625 0.009523809523809525
