0 0.212890625 0.41501831501831504 0.27734375 0.046153846153846156
0 0.4482421875 0.4194139194139194 0.166015625 0.0315018315018315
0 0.61767578125 0.41904761904761906 0.1591796875 0.03223443223443224
0 0.9462890625 0.8641025641025641 0.10546875 0.015384615384615385
0 0.67626953125 0.3587679925708095 0.6259765625 0.07367280606717225
0 0.1865234375 0.3274725274725275 0.322265625 0.14505494505494507
0 0.68359375 0.44945054945054946 0.029296875 0.021245421245421246
0 0.8535907451923077 0.4512538743307974 0.2635216346153847 0.0278951817413356
0 0.58740234375 0.44761904761904764 0.1572265625 0.02197802197802198
0 0.4404296875 0.447985347985348 0.09765625 0.021245421245421246
0 0.32666015625 0.652014652014652 0.0283203125 0.014652014652014652
