0 0.90966796875 0.586082059533387 0.1611328125 0.04907481898632341
0 0.703125 0.5969428801287209 0.25390625 0.13193885760257443
0 0.45556640625 0.6355591311343524 0.2197265625 0.12067578439259855
0 0.04443359375 0.7365245374094932 0.0537109375 0.04907481898632341
0 0.0810546875 0.6850362027353177 0.119140625 0.08125502815768303
0 0.0751953125 0.6556717618664522 0.03125 0.019308125502815767
0 0.41015625 0.4223652453740949 0.1796875 0.08849557522123894
0 0.66650390625 0.06556717618664522 0.2021484375 0.13113435237329044
0 0.4306640625 0.14682220434432824 0.171875 0.11987127916331457
0 0.234375 0.2164119066773934 0.146484375 0.10780370072405471
0 0.9141463765337423 0.6091511235927327 0.16227712806748462 0.033507889580423396
0 0.24853515625 0.670152855993564 0.1943359375 0.10619469026548672
0 0.68798828125 0.37329042638777155 0.3388671875 0.1255028157683025
0 0.68798828125 0.3262268704746581 0.3310546875 0.13113435237329044
0 0.11181640625 0.7039420756234915 0.0791015625 0.05148833467417538
