0 0.60986328125 0.3018315018315018 0.5849609375 0.1054945054945055
0 0.37158203125 0.34945054945054943 0.1044921875 0.0380952380952381
0 0.50732421875 0.3564102564102564 0.1083984375 0.03882783882783883
0 0.66015625 0.3641025641025641 0.134765625 0.03956043956043956
0 0.8298391788563828 0.3733535967578521 0.1376953125 0.03882783882783883
0 0.498046875 0.3989010989010989 0.1953125 0.040293040293040296
0 0.732421875 0.4098901098901099 0.19140625 0.040293040293040296
0 0.8955078125 0.46813186813186813 0.205078125 0.03663003663003663
0 0.3095703125 0.7835164835164835 0.095703125 0.02271062271062271
0 0.2216796875 0.782051282051282 0.064453125 0.027106227106227107
0 0.22216796875 0.3384615384615385 0.0771484375 0.07032967032967033
0 0.14306640625 0.28090561920349155 0.1005859375 0.06813186813186813
