0 0.1298828125 0.9604395604395605 0.056640625 0.013186813186813187
0 0.224609375 0.7289377289377289 0.1875 0.04395604395604396
0 0.45703125 0.7043956043956044 0.166015625 0.03736263736263736
0 0.779296875 0.6846153846153846 0.330078125 0.03882783882783883
0 0.12939453125 0.8743589743589744 0.0576171875 0.012454212454212455
0 0.12939453125 0.8578754578754578 0.0576171875 0.013186813186813187
0 0.4326171875 0.15018315018315018 0.595703125 0.20366300366300366
0 0.12109375 0.9476190476190476 0.044921875 0.012454212454212455
0 0.3271484375 0.836996336996337 0.142578125 0.02564102564102564
0 0.68408203125 0.882051282051282 0.0771484375 0.035164835164835165
0 0.099609375 0.2087912087912088 0.048828125 0.04835164835164835
0 0.12939453125 0.8930402930402931 0.0576171875 0.013186813186813187
0 0.1005859375 0.24945054945054945 0.048828125 0.047619047619047616
0 0.07107478080035973 0.6540517036919914 0.0693359375 0.05347985347985348
0 0.2236328125 0.6472527472527473 0.1953125 0.11794871794871795
0 0.64453125 0.6087912087912087 0.6171875 0.14505494505494507
0 0.91845703125 0.9307692307692308 0.0224609375 0.024175824175824177
0 0.7939453125 0.8897435897435897 0.033203125 0.018315018315018316
0 0.43994140625 0.9274725274725275 0.0126953125 0.0336996336996337
0 0.042635289634146346 0.7322433663897079 0.024294969512195123 0.05289019923166268
0 0.06597751524390245 0.7590458322165639 0.035727896341463415 0.01643884570713843
0 0.09837080792682928 0.7288483873849728 0.03477515243902439 0.07468953810417228
