0 0.1748046875 0.6344322344322344 0.208984375 0.05860805860805861
0 0.02490234375 0.6333333333333333 0.0458984375 0.034432234432234435
0 0.22868424010791366 0.689696155163781 0.4573684802158273 0.029941760877012637
0 0.62646484375 0.6989010989010989 0.2724609375 0.02783882783882784
0 0.11767578125 0.7238095238095238 0.0302734375 0.023443223443223443
0 0.13916015625 0.7490842490842491 0.0244140625 0.02271062271062271
0 0.166015625 0.7296703296703296 0.033203125 0.026373626373626374
0 0.396484375 0.7556776556776557 0.396484375 0.060805860805860805
0 0.33447265625 0.9282051282051282 0.0146484375 0.014652014652014652
0 0.95751953125 0.4747252747252747 0.0849609375 0.07179487179487179
0 0.9365234375 0.4293040293040293 0.048828125 0.03956043956043956
0 0.5185546875 0.6164835164835165 0.517578125 0.13553113553113552
0 0.86767578125 0.7926739926739926 0.0126953125 0.011721611721611722
