0 0.8333333333333334 0.90673828125 0.021245421245421246 0.0283203125
0 0.6172161172161172 0.974609375 0.01098901098901099 0.01953125
0 0.5816849816849817 0.966796875 0.014652014652014652 0.017578125
0 0.63003663003663 0.51220703125 0.1054945054945055 0.0263671875
0 0.508058608058608 0.49951171875 0.09743589743589744 0.0302734375
0 0.40695970695970696 0.4912109375 0.07545787545787545 0.029296875
0 0.6677655677655677 0.97119140625 0.035897435897435895 0.0283203125
0 0.6069597069597069 0.9638671875 0.024175824175824177 0.0390625
0 0.6893772893772894 0.91552734375 0.041025641025641026 0.0166015625
0 0.7326007326007326 0.51611328125 0.06153846153846154 0.0244140625
0 0.5628015662498421 0.4289410470545977 0.4179108248073766 0.13327271910919541
0 0.6516483516483517 0.91552734375 0.03296703296703297 0.0166015625
0 0.8065934065934066 0.904296875 0.03663003663003663 0.064453125
0 0.7208791208791209 0.9892578125 0.029304029304029304 0.015625
