0 0.353515625 0.38461538461538464 0.14453125 0.02783882783882784
0 0.36279296875 0.24578754578754577 0.2900390625 0.04468864468864469
0 0.72265625 0.16336996336996337 0.26953125 0.09816849816849817
0 0.5341796875 0.1597069597069597 0.0703125 0.011721611721611722
0 0.5205078125 0.14871794871794872 0.052734375 0.013186813186813187
0 0.69970703125 0.3868131868131868 0.1435546875 0.026373626373626374
0 0.69140625 0.2501831501831502 0.2890625 0.05054945054945055
0 0.8154296875 0.528878648233487 0.06640625 0.025026586316908874
0 0.87451171875 0.5076923076923077 0.0537109375 0.0673992673992674
0 0.5252488659274194 0.5254283351057544 0.29659148185483875 0.022852416400803537
0 0.5231355107931727 0.5003663003663004 0.40955227158634533 0.02197802197802198
0 0.69873046875 0.4208791208791209 0.1376953125 0.027106227106227107
0 0.52685546875 0.4205128205128205 0.1416015625 0.026373626373626374
0 0.3505859375 0.4186813186813187 0.142578125 0.027106227106227107
0 0.52685546875 0.3868131868131868 0.1435546875 0.026373626373626374
0 0.26611328125 0.16373626373626374 0.4130859375 0.11648351648351649
