0 0.779296875 0.36923076923076925 0.044921875 0.01904761904761905
0 0.72265625 0.36923076923076925 0.044921875 0.01904761904761905
0 0.666015625 0.36996336996337 0.044921875 0.01904761904761905
0 0.609375 0.36996336996337 0.044921875 0.01904761904761905
0 0.5546875 0.3706959706959707 0.044921875 0.01904761904761905
0 0.5 0.3706959706959707 0.044921875 0.01904761904761905
0 0.7802734375 0.29743589743589743 0.046875 0.11721611721611722
0 0.72265625 0.29853479853479853 0.044921875 0.11501831501831501
0 0.666015625 0.29853479853479853 0.048828125 0.11794871794871795
0 0.6083189498546512 0.299517278587046 0.04703397529069764 0.11688105176477269
0 0.5517578125 0.2996336996336996 0.05078125 0.11721611721611722
0 0.49609375 0.3 0.048828125 0.11648351648351649
0 0.43212890625 0.3120879120879121 0.0556640625 0.10402930402930403
