0 0.3314037626628075 0.41552734375 0.060781476121562955 0.0615234375
0 0.4204052098408104 0.45361328125 0.08104196816208394 0.0693359375
0 0.4388567293777135 0.8203125 0.06150506512301013 0.12890625
0 0.6439942112879884 0.693359375 0.08827785817655572 0.09375
0 0.6067293777134588 0.36962890625 0.06729377713458755 0.2001953125
0 0.6128798842257598 0.24169921875 0.07959479015918958 0.1240234375
0 0.19681620839363242 0.748046875 0.39363241678726485 0.23828125
0 0.48914616497829233 0.4873046875 0.05209840810419682 0.0546875
0 0.19536903039073805 0.35302734375 0.0694645441389291 0.0654296875
0 0.12047756874095514 0.31884765625 0.07597684515195369 0.0712890625
0 0.044500723589001444 0.2861328125 0.06729377713458755 0.0703125
0 0.8599855282199711 0.95458984375 0.20332850940665703 0.0810546875
0 0.9417510853835022 0.87255859375 0.023878437047756874 0.0166015625
0 0.9182344428364689 0.8740234375 0.02170767004341534 0.015625
0 0.8541968162083936 0.88134765625 0.03690303907380608 0.0224609375
0 0.6157742402315485 0.11962890625 0.06367583212735166 0.2177734375
0 0.6700434153400868 0.7431640625 0.03762662807525326 0.044921875
0 0.6193921852387844 0.7568359375 0.05065123010130246 0.048828125
0 0.5745296671490593 0.76904296875 0.030390738060781478 0.0419921875
0 0.26736613603473225 0.3046875 0.5028943560057887 0.353515625
0 0.877713458755427 0.822265625 0.1808972503617945 0.06640625
0 0.2662807525325615 0.38525390625 0.06512301013024602 0.0673828125
0 0.8885672937771346 0.87841796875 0.03762662807525326 0.0185546875
