0 0.63037109375 0.7494505494505495 0.1845703125 0.06593406593406594
0 0.6220703125 0.6252747252747253 0.181640625 0.06813186813186813
0 0.6181640625 0.5600732600732601 0.1875 0.06666666666666667
0 0.6171875 0.5175824175824176 0.162109375 0.04322344322344322
0 0.60595703125 0.4157509157509158 0.0849609375 0.11062271062271062
0 0.9609375 0.6926739926739927 0.037109375 0.08571428571428572
0 0.62916034360012 0.8578754578754578 0.0205078125 0.029304029304029304
0 0.6337890625 0.8300366300366301 0.185546875 0.029304029304029304
0 0.6328125 0.8117216117216117 0.185546875 0.029304029304029304
0 0.6318359375 0.7886446886446886 0.185546875 0.030036630036630037
0 0.6350806073890887 0.8580520199225234 0.18227058977817745 0.03410897655501972
0 0.625 0.6886446886446886 0.18359375 0.06593406593406594
