0 0.802734375 0.39157509157509157 0.09765625 0.02564102564102564
0 0.564453125 0.31758241758241756 0.169921875 0.027106227106227107
0 0.5751953125 0.4205128205128205 0.091796875 0.02490842490842491
0 0.79541015625 0.4197802197802198 0.0458984375 0.023443223443223443
0 0.7421875 0.4183150183150183 0.056640625 0.02783882783882784
0 0.716796875 0.39304029304029303 0.0625 0.02564102564102564
0 0.740234375 0.367032967032967 0.064453125 0.026373626373626374
0 0.80517578125 0.3659340659340659 0.0615234375 0.027106227106227107
0 0.8046875 0.33992673992673994 0.060546875 0.026373626373626374
0 0.7421875 0.34196875921013853 0.060546875 0.023754789272030667
0 0.7739987428160919 0.3145762283693318 0.134765625 0.022862195275988373
0 0.576171875 0.39487179487179486 0.09375 0.026373626373626374
0 0.5625 0.07472527472527472 0.25390625 0.10256410256410256
0 0.8194874730603448 0.10257673361121637 0.2145406788793104 0.06009852216748769
0 0.565845630787037 0.14649301315967983 0.32505063657407407 0.038040971374304705
0 0.57861328125 0.34395604395604396 0.0810546875 0.02564102564102564
0 0.57763671875 0.36923076923076925 0.0771484375 0.02490842490842491
0 0.7658158225574713 0.04820849648435856 0.10382992097701149 0.04926108374384236
0 0.8752581716954023 0.051787293166603514 0.10495240660919536 0.049682118647635894
0 0.8434858478483607 0.14922236233711642 0.20771964651639352 0.028823635381012427
