0 0.53076171875 0.44775390625 0.7646484375 0.3037109375
0 0.89111328125 0.6875 0.0302734375 0.041015625
0 0.36279296875 0.9658203125 0.0283203125 0.068359375
0 0.24755859375 0.9560546875 0.0283203125 0.072265625
0 0.17041015625 0.9462890625 0.0302734375 0.07421875
0 0.1337890625 0.9552751140021459 0.025390625 0.08944977199570814
0 0.4033203125 0.96484375 0.02734375 0.068359375
0 0.3310546875 0.9599609375 0.02734375 0.0703125
0 0.291015625 0.95703125 0.029296875 0.072265625
0 0.20263671875 0.9501953125 0.0302734375 0.07421875
0 0.40625 0.88134765625 0.02734375 0.0283203125
0 0.4707223676108374 0.927253309729064 0.06879233374384236 0.14191425492610832
