0 0.6986311933680354 0.6490285773026316 0.3302101407364566 0.041889391447368474
0 0.6205128205128205 0.42822265625 0.04835164835164835 0.0771484375
0 0.567032967032967 0.42578125 0.04542124542124542 0.04296875
0 0.2347985347985348 0.5693359375 0.24102564102564103 0.189453125
0 0.5087912087912088 0.42919921875 0.046153846153846156 0.0791015625
0 0.8146327356853674 0.43911903782894735 0.27395411605937914 0.08496093749999994
0 0.11355311355311355 0.77197265625 0.16703296703296702 0.1201171875
0 0.2282051282051282 0.72412109375 0.04468864468864469 0.0751953125
0 0.27692307692307694 0.7099609375 0.03956043956043956 0.078125
0 0.39157509157509157 0.6572265625 0.18681318681318682 0.166015625
0 0.6945054945054945 0.6015625 0.3282051282051282 0.060546875
0 0.9051282051282051 0.6533203125 0.04468864468864469 0.017578125
0 0.5147484094852515 0.439196134868421 0.25910931174089064 0.16395970394736836
