0 0.3564453125 0.7146520146520147 0.119140625 0.02271062271062271
0 0.78955078125 0.7117216117216117 0.0849609375 0.03736263736263736
0 0.6636466254752852 0.7099987465006476 0.13198075095057038 0.03684730985111219
0 0.533203125 0.7084249084249085 0.087890625 0.03663003663003663
0 0.79296875 0.7684981684981685 0.0859375 0.0380952380952381
0 0.66455078125 0.7677655677655678 0.1337890625 0.0380952380952381
0 0.53466796875 0.7666666666666667 0.0888671875 0.03736263736263736
0 0.3984375 0.7395604395604396 0.12109375 0.02271062271062271
0 0.1449027683423913 0.7883580187928014 0.0827742866847826 0.02067208154164671
0 0.74267578125 0.8523809523809524 0.0205078125 0.012454212454212455
0 0.39453125 0.7805860805860806 0.154296875 0.01684981684981685
0 0.18257472826086957 0.7254339863035515 0.1953125 0.13537187450230917
