0 0.3208791208791209 0.4736328125 0.5230769230769231 0.400390625
0 0.910989010989011 0.70166015625 0.08278388278388278 0.0712890625
0 0.7062271062271063 0.54052734375 0.2490842490842491 0.1845703125
0 0.8212454212454212 0.9892578125 0.02783882783882784 0.021484375
0 0.8117216117216117 0.86865234375 0.04981684981684982 0.0302734375
0 0.3498168498168498 0.97412109375 0.073992673992674 0.0283203125
0 0.3201465201465201 0.89453125 0.1347985347985348 0.0859375
0 0.19304029304029305 0.90869140625 0.027106227106227107 0.1826171875
0 0.8304029304029305 0.68310546875 0.08571428571428572 0.0751953125
0 0.6937728937728938 0.6552734375 0.19194139194139195 0.107421875
0 0.8106227106227106 0.9140625 0.05787545787545788 0.0546875
0 0.8149990360516676 0.868626644736842 0.0601503759398495 0.043174342105263164
