0 0.04541015625 0.8139194139194139 0.0673828125 0.147985347985348
0 0.09814453125 0.8153846153846154 0.0654296875 0.14945054945054945
0 0.14990234375 0.8179487179487179 0.0654296875 0.14871794871794872
0 0.38720703125 0.7776556776556777 0.0537109375 0.041758241758241756
0 0.5693359375 0.7846153846153846 0.05078125 0.03956043956043956
0 0.80859375 0.8468864468864469 0.05859375 0.14945054945054945
0 0.9150390625 0.8516483516483516 0.05859375 0.14725274725274726
0 0.47998046875 0.7827838827838828 0.0556640625 0.04322344322344322
0 0.46826171875 0.8545787545787545 0.6083984375 0.1326007326007326
0 0.8603515625 0.8494505494505494 0.05859375 0.14871794871794872
