0 0.7549450549450549 0.96630859375 0.02857142857142857 0.0244140625
0 0.697069597069597 0.4638671875 0.046153846153846156 0.044921875
0 0.6347985347985348 0.4619140625 0.03882783882783883 0.05859375
0 0.8501831501831502 0.693359375 0.136996336996337 0.03515625
0 0.7307692307692307 0.96337890625 0.00805860805860806 0.0322265625
0 0.8388278388278388 0.66064453125 0.08351648351648351 0.0341796875
0 0.4717948717948718 0.630859375 0.3882783882783883 0.162109375
0 0.819047619047619 0.46875 0.1684981684981685 0.056640625
0 0.5542124542124542 0.462890625 0.08278388278388278 0.052734375
0 0.2923076923076923 0.41748046875 0.38095238095238093 0.2138671875
