0 0.27197265625 0.49743589743589745 0.0283203125 0.014652014652014652
0 0.2236328125 0.7879120879120879 0.373046875 0.1838827838827839
0 0.703125 0.7608058608058608 0.5625 0.15604395604395604
0 0.47119140625 0.7230769230769231 0.0849609375 0.03223443223443224
0 0.5595703125 0.7113553113553114 0.087890625 0.03076923076923077
0 0.65771484375 0.701098901098901 0.1044921875 0.03663003663003663
0 0.759765625 0.6875457875457875 0.09375 0.03736263736263736
0 0.8857421875 0.673992673992674 0.15234375 0.04395604395604396
0 0.5927734375 0.5487179487179488 0.107421875 0.06153846153846154
0 0.74755859375 0.4948717948717949 0.2158203125 0.09010989010989011
0 0.4033203125 0.5029304029304029 0.13671875 0.04468864468864469
0 0.58447265625 0.4736263736263736 0.1533203125 0.047619047619047616
0 0.77978515625 0.4391941391941392 0.1669921875 0.05201465201465202
0 0.3642578125 0.4846153846153846 0.05859375 0.024175824175824177
0 0.4287109375 0.47326007326007324 0.05859375 0.02490842490842491
0 0.4990234375 0.4593406593406593 0.072265625 0.029304029304029304
0 0.5712890625 0.4472527472527473 0.060546875 0.02857142857142857
0 0.65771484375 0.43223443223443225 0.1064453125 0.0336996336996337
0 0.1748046875 0.5461538461538461 0.0859375 0.14725274725274726
0 0.26318359375 0.5571428571428572 0.0927734375 0.0989010989010989
0 0.23779296875 0.5029304029304029 0.0380859375 0.01684981684981685
