0 0.68896484375 0.7168498168498169 0.0205078125 0.01978021978021978
0 0.2568359375 0.6882783882783883 0.017578125 0.01391941391941392
0 0.1591796875 0.6919413919413919 0.0234375 0.01391941391941392
0 0.0361328125 0.7135531135531136 0.068359375 0.05714285714285714
0 0.705078125 0.6901098901098901 0.021484375 0.023443223443223443
0 0.23583984375 0.847985347985348 0.0966796875 0.08717948717948718
0 0.625 0.7959706959706959 0.029296875 0.12527472527472527
0 0.64892578125 0.7923076923076923 0.0283203125 0.12234432234432234
0 0.662109375 0.6981684981684981 0.0234375 0.02490842490842491
0 0.53759765625 0.47509157509157507 0.3212890625 0.12087912087912088
0 0.31591796875 0.4413919413919414 0.0732421875 0.073992673992674
