0 0.6564801095545977 0.8722706412361585 0.06881959410919536 0.01706875499978942
0 0.2275390625 0.8183150183150183 0.333984375 0.11868131868131868
0 0.3974609375 0.8772893772893773 0.025390625 0.04468864468864469
0 0.5907585757902298 0.8435897435897436 0.2969984734195402 0.04322344322344322
0 0.4833367007902299 0.8681823923203233 0.08215472341954022 0.016016167740305648
0 0.71923828125 0.8743589743589744 0.0458984375 0.01391941391941392
0 0.7912147564594971 0.9107025190824074 0.20157013791899436 0.023602840362616836
0 0.890625 0.6424908424908425 0.146484375 0.063003663003663
0 0.5732421875 0.86996336996337 0.08984375 0.018315018315018316
0 0.8916015625 0.6945054945054945 0.14453125 0.04542124542124542
