0 0.240234375 0.6635687732342007 0.103515625 0.02453531598513011
0 0.25537109375 0.6412639405204461 0.1240234375 0.020074349442379184
0 0.3427734375 0.6182156133828997 0.123046875 0.021561338289962824
0 0.234375 0.6204460966542751 0.07421875 0.021561338289962824
0 0.25732421875 0.5936802973977695 0.1123046875 0.021561338289962824
0 0.015625 0.833457249070632 0.025390625 0.02825278810408922
0 0.45166015625 0.4788104089219331 0.1337890625 0.01486988847583643
0 0.49267578125 0.46319702602230484 0.0458984375 0.016356877323420074
0 0.37939453125 0.8297397769516729 0.0419921875 0.017843866171003718
0 0.3310546875 0.8308550185873605 0.041015625 0.017100371747211896
0 0.40185546875 0.6379182156133829 0.0498046875 0.019330855018587362
0 0.353515625 0.6390334572490707 0.048828125 0.01858736059479554
0 0.03662109375 0.6973977695167286 0.0595703125 0.2037174721189591
0 0.974609375 0.8230483271375465 0.04296875 0.04312267657992565
0 0.93798828125 0.6661710037174721 0.0654296875 0.16951672862453532
0 0.8740234375 0.5486988847583643 0.02734375 0.08029739776951673
0 0.88427734375 0.5349442379182157 0.0263671875 0.07657992565055761
0 0.34423828125 0.4795539033457249 0.0673828125 0.013382899628252789
0 0.26806640625 0.48066914498141267 0.0712890625 0.01412639405204461
0 0.44873046875 0.3137546468401487 0.0556640625 0.016356877323420074
0 0.12939453125 0.35353159851301114 0.0400390625 0.17769516728624535
0 0.38720703125 0.3397769516728624 0.0361328125 0.025278810408921933
0 0.61767578125 0.27732342007434946 0.2353515625 0.041635687732342004
0 0.61669921875 0.30855018587360594 0.1455078125 0.04014869888475837
0 0.8388671875 0.3513011152416357 0.048828125 0.17174721189591077
0 0.31103515625 0.3141263940520446 0.0556640625 0.017100371747211896
0 0.31103515625 0.3308550185873606 0.0556640625 0.017843866171003718
0 0.38134765625 0.29144981412639404 0.0556640625 0.016356877323420074
0 0.38037109375 0.30817843866171 0.0556640625 0.017100371747211896
0 0.44921875 0.33011152416356876 0.056640625 0.016356877323420074
0 0.3115234375 0.36022304832713753 0.05859375 0.01858736059479554
0 0.3115234375 0.37843866171003715 0.05859375 0.017843866171003718
0 0.38037109375 0.38438661710037175 0.0576171875 0.017843866171003718
0 0.37841796875 0.4029739776951673 0.0576171875 0.019330855018587362
0 0.44970703125 0.36059479553903345 0.0556640625 0.017843866171003718
0 0.44921875 0.37843866171003715 0.0546875 0.017843866171003718
0 0.26123046875 0.46431226765799255 0.0478515625 0.017100371747211896
0 0.3193359375 0.4646840148698885 0.048828125 0.016356877323420074
0 0.37841796875 0.4639405204460966 0.0458984375 0.016356877323420074
0 0.435546875 0.4639405204460966 0.046875 0.016356877323420074
0 0.6904296875 0.6349442379182156 0.16796875 0.022304832713754646
0 0.7705078125 0.6130111524163568 0.119140625 0.020074349442379184
0 0.6533203125 0.6144981412639405 0.09765625 0.023048327137546468
0 0.66015625 0.5884758364312268 0.109375 0.023048327137546468
0 0.69580078125 0.8732342007434944 0.1337890625 0.026022304832713755
0 0.77880859375 0.8449814126394052 0.1220703125 0.023048327137546468
0 0.66650390625 0.8464684014869889 0.0810546875 0.023048327137546468
0 0.7798657898509174 0.8197026022304833 0.1298828125 0.023048327137546468
0 0.6640625 0.8211895910780669 0.080078125 0.02453531598513011
0 0.90185546875 0.5100371747211896 0.0302734375 0.09219330855018587
0 0.60107421875 0.7066914498141263 0.3759765625 0.06319702602230483
0 0.37646484375 0.6613382899628253 0.1494140625 0.023048327137546468
0 0.68359375 0.7888475836431227 0.12109375 0.025278810408921933
0 0.3828125 0.879182156133829 0.111328125 0.026022304832713755
0 0.28515625 0.8828996282527881 0.05859375 0.026022304832713755
0 0.2021484375 0.8855018587360595 0.0859375 0.026765799256505577
0 0.39208984375 0.8535315985130112 0.1103515625 0.026765799256505577
0 0.28515625 0.858364312267658 0.060546875 0.020074349442379184
0 0.2060546875 0.8591078066914498 0.0859375 0.026022304832713755
0 0.23486328125 0.8323420074349442 0.1396484375 0.0275092936802974
0 0.2392578125 0.7996282527881041 0.123046875 0.02899628252788104
0 0.26416015625 0.7111524163568773 0.1083984375 0.06319702602230483
0 0.69970703125 0.6565055762081784 0.1826171875 0.022304832713754646
