0 0.6838827838827839 0.7470703125 0.027106227106227107 0.013671875
0 0.6567765567765568 0.73095703125 0.027106227106227107 0.0478515625
0 0.23296703296703297 0.7822265625 0.18461538461538463 0.14453125
0 0.38278388278388276 0.71923828125 0.09157509157509157 0.0712890625
0 0.3871794871794872 0.7939453125 0.09304029304029304 0.072265625
0 0.5388278388278388 0.7314453125 0.1912087912087912 0.138671875
0 0.6783498328687833 0.6766048172088384 0.0666389004581424 0.04358792389136101
0 0.08168498168498169 0.8101099917763158 0.060805860805860805 0.0244140625
0 0.6342008868324658 0.8130653782894737 0.1982648930017351 0.059724506578947345
0 0.7087912087912088 0.72900390625 0.027106227106227107 0.0537109375
