0 0.107421875 0.715018315018315 0.20703125 0.03663003663003663
0 0.8251953125 0.8835164835164835 0.24609375 0.054212454212454214
0 0.57763671875 0.7615384615384615 0.7119140625 0.14725274725274726
0 0.1064453125 0.784981684981685 0.177734375 0.09010989010989011
0 0.1201171875 0.8926739926739927 0.240234375 0.054945054945054944
0 0.357421875 0.8901098901098901 0.123046875 0.05128205128205128
0 0.03125 0.3608058608058608 0.0234375 0.13846153846153847
0 0.056640625 0.3402930402930403 0.0234375 0.0945054945054945
0 0.0888671875 0.2641025641025641 0.146484375 0.04468864468864469
0 0.5615234375 0.8868131868131868 0.1875 0.05201465201465202
