0 0.8359227871939736 0.052734375 0.04566854990583804 0.0625
0 0.611346516007533 0.61083984375 0.06544256120527307 0.0537109375
0 0.6807909604519774 0.77880859375 0.03672316384180791 0.0537109375
0 0.6286946598997734 0.7635642876059322 0.07203389830508475 0.0654296875
0 0.5510828625235404 0.7392578125 0.08615819209039548 0.0859375
0 0.7570621468926554 0.73193359375 0.1647834274952919 0.1259765625
0 0.5798022598870056 0.6669921875 0.16807909604519775 0.154296875
0 0.4216101694915254 0.28173828125 0.2895480225988701 0.3349609375
0 0.5138888888888888 0.56591796875 0.04001883239171375 0.0458984375
0 0.5466101694915254 0.58349609375 0.02448210922787194 0.0302734375
0 0.4058380414312618 0.11328125 0.2608286252354049 0.2265625
0 0.9230225988700564 0.521484375 0.153954802259887 0.150390625
0 0.7721280602636534 0.8037109375 0.06591337099811675 0.0546875
