0 0.4814453125 0.3468864468864469 0.08984375 0.035897435897435895
0 0.3310546875 0.35311355311355314 0.091796875 0.0380952380952381
0 0.51904296875 0.21831501831501832 0.4638671875 0.08205128205128205
0 0.65234375 0.2673992673992674 0.126953125 0.09230769230769231
0 0.8310546875 0.2886446886446886 0.240234375 0.04249084249084249
0 0.3505859375 0.2706959706959707 0.08984375 0.024175824175824177
0 0.43017578125 0.26776556776556776 0.0712890625 0.027106227106227107
0 0.53271484375 0.26483516483516484 0.1298828125 0.02857142857142857
0 0.63623046875 0.39597069597069595 0.3642578125 0.040293040293040296
0 0.59521484375 0.495970695970696 0.0693359375 0.035164835164835165
0 0.83349609375 0.34212454212454213 0.1884765625 0.0380952380952381
0 0.63330078125 0.3435897435897436 0.0927734375 0.03663003663003663
