0 0.4868131868131868 0.55322265625 0.22637362637362637 0.0966796875
0 0.5527472527472528 0.5224609375 0.05201465201465202 0.033203125
0 0.5857142857142857 0.529296875 0.01684981684981685 0.017578125
0 0.6641025641025641 0.58251953125 0.04908424908424908 0.0361328125
0 0.02673992673992674 0.6181640625 0.04322344322344322 0.046875
0 0.15934065934065933 0.556640625 0.05201465201465202 0.0546875
0 0.20695970695970695 0.53125 0.04468864468864469 0.05078125
0 0.1054945054945055 0.974609375 0.020512820512820513 0.02734375
0 0.6750915750915751 0.60693359375 0.06373626373626373 0.0361328125
0 0.10915750915750916 0.5869140625 0.04981684981684982 0.056640625
