0 0.1708984375 0.2673992673992674 0.125 0.10256410256410256
0 0.16845703125 0.7831501831501831 0.0283203125 0.04835164835164835
0 0.1669921875 0.8465201465201465 0.02734375 0.05054945054945055
0 0.166015625 0.8992673992673993 0.025390625 0.027106227106227107
0 0.19287109375 0.802930402930403 0.0185546875 0.08058608058608059
0 0.19287109375 0.8853479853479853 0.0205078125 0.06666666666666667
0 0.1779907908519553 0.9663985920969163 0.1759449196927374 0.03581148832545479
0 0.17822265625 0.9351648351648352 0.1787109375 0.041758241758241756
0 0.1590519129672897 0.5061517921331006 0.09986492406542058 0.35912498716237035
0 0.228515625 0.5216117216117216 0.037109375 0.33992673992673994
