0 0.5296703296703297 0.70703125 0.7956043956043956 0.16015625
0 0.8293040293040294 0.8076171875 0.09816849816849817 0.04296875
0 0.7311355311355311 0.80712890625 0.07765567765567766 0.0517578125
0 0.6098901098901099 0.48779296875 0.09010989010989011 0.0341796875
0 0.6087912087912087 0.45361328125 0.08791208791208792 0.0224609375
0 0.46996336996336996 0.470703125 0.0945054945054945 0.04296875
0 0.473992673992674 0.44775390625 0.09377289377289377 0.0400390625
0 0.5970695970695971 0.80322265625 0.17875457875457876 0.0595703125
0 0.4208611900919593 0.7959325830419581 0.09682625067240447 0.04165756118881114
0 0.32454212454212455 0.79248046875 0.06153846153846154 0.0576171875
0 0.2128205128205128 0.791015625 0.14285714285714285 0.0703125
