0 0.24755859375 0.2996336996336996 0.0166015625 0.020512820512820513
0 0.38671875 0.5769230769230769 0.16015625 0.7186813186813187
0 0.5234375 0.49926739926739927 0.134765625 0.5501831501831502
0 0.63037109375 0.3282051282051282 0.0634765625 0.35604395604395606
0 0.412109375 0.13516483516483516 0.099609375 0.06373626373626373
0 0.62646484375 0.63003663003663 0.0654296875 0.23882783882783884
0 0.30908203125 0.13663003663003662 0.0185546875 0.00805860805860806
0 0.3291015625 0.136996336996337 0.021484375 0.007326007326007326
0 0.34423828125 0.13663003663003662 0.0107421875 0.006593406593406593
0 0.36865234375 0.136996336996337 0.0224609375 0.007326007326007326
0 0.33056640625 0.14395604395604394 0.0205078125 0.006593406593406593
