0 0.4318681318681319 0.45849609375 0.027106227106227107 0.0166015625
0 0.3901098901098901 0.45556640625 0.06373626373626373 0.0380859375
0 0.39853479853479856 0.4326171875 0.07765567765567766 0.033203125
0 0.6523809523809524 0.49267578125 0.2454212454212454 0.0810546875
0 0.5227106227106227 0.47802734375 0.01978021978021978 0.0126953125
0 0.504029304029304 0.482421875 0.02490842490842491 0.013671875
0 0.48717948717948717 0.48583984375 0.01611721611721612 0.0107421875
0 0.49304029304029307 0.46435546875 0.06153846153846154 0.0322265625
0 0.4358974358974359 0.470703125 0.023443223443223443 0.015625
0 0.6730483058608059 0.5207748413085938 0.20323946886446886 0.0532684326171875
