0 0.67919921875 0.9161172161172161 0.0615234375 0.018315018315018316
0 0.59814453125 0.9146520146520146 0.0830078125 0.015384615384615385
0 0.5166015625 0.9146520146520146 0.060546875 0.01684981684981685
0 0.6110720334353147 0.7237839083992931 0.3588628168706294 0.02642485719408793
0 0.70947265625 0.6743589743589744 0.0634765625 0.024175824175824177
0 0.59912109375 0.8610568918261226 0.2451171875 0.08887522733676573
0 0.61328125 0.5366300366300366 0.42578125 0.1575091575091575
0 0.4714159033764368 0.6321923287440528 0.10209006824712641 0.02482421792766624
0 0.6142578125 0.6296703296703297 0.140625 0.02564102564102564
0 0.7583793159965035 0.627006327006327 0.10238199300699302 0.024708624708624723
0 0.525390625 0.676923076923077 0.091796875 0.023443223443223443
0 0.6240234375 0.6750915750915751 0.0625 0.02271062271062271
