0 0.927663734115347 0.8819648093841642 0.03128054740957967 0.013196480938416423
0 0.895405669599218 0.8859970674486803 0.02932551319648094 0.013929618768328446
0 0.8773216031280547 0.8687683284457478 0.1241446725317693 0.03372434017595308
0 0.8714565004887586 0.844208211143695 0.1241446725317693 0.04032258064516129
0 0.772238514173998 0.7269061583577713 0.093841642228739 0.04032258064516129
0 0.8641251221896383 0.8896627565982405 0.02932551319648094 0.013929618768328446
0 0.739980449657869 0.5747800586510264 0.12316715542521994 0.21407624633431085
0 0.5009775171065494 0.9398826979472141 0.06549364613880743 0.01906158357771261
0 0.48484848484848486 0.8662023460410557 0.06451612903225806 0.11656891495601172
0 0.8328445747800587 0.8940615835777126 0.02541544477028348 0.013929618768328446
0 0.7145650048875856 0.9809384164222874 0.02737047898338221 0.020527859237536656
0 0.5557184750733137 0.969208211143695 0.022482893450635387 0.013196480938416423
0 0.3587487781036168 0.9358504398826979 0.10948191593352884 0.05205278592375367
0 0.20185728250244378 0.9090909090909091 0.15933528836754643 0.0747800586510264
0 0.7810361681329423 0.9842375366568915 0.10166177908113393 0.025659824046920823
0 0.64613880742913 0.9747067448680352 0.10948191593352884 0.028592375366568914
0 0.5351906158357771 0.968475073313783 0.022482893450635387 0.013196480938416423
0 0.8343108504398827 0.9050586510263929 0.024437927663734114 0.012463343108504398
0 0.7825024437927663 0.9516129032258065 0.08895405669599218 0.03519061583577713
0 0.6608015640273704 0.9336510263929618 0.16422287390029325 0.06378299120234604
0 0.9208211143695014 0.8940615835777126 0.04887585532746823 0.015395894428152493
0 0.8714565004887586 0.8999266862170088 0.047898338220918865 0.015395894428152493
