0 0.6103515625 0.636996336996337 0.103515625 0.17655677655677657
0 0.73681640625 0.6358974358974359 0.0947265625 0.16117216117216118
0 0.6103515625 0.4912087912087912 0.41015625 0.07252747252747253
0 0.62353515625 0.421978021978022 0.0673828125 0.023443223443223443
0 0.6218451768338323 0.3981202430304227 0.18314347866766467 0.03287052269088202
0 0.59912109375 0.889010989010989 0.1044921875 0.17655677655677657
0 0.46630859375 0.8970695970695971 0.1044921875 0.17655677655677657
0 0.4814453125 0.6358974358974359 0.103515625 0.1772893772893773
0 0.6274560254491018 0.3733390362132877 0.059646332335329344 0.025483099734596733
0 0.72509765625 0.8846153846153846 0.1044921875 0.17655677655677657
