0 0.533203125 0.6216117216117216 0.072265625 0.25274725274725274
0 0.01123046875 0.7410256410256411 0.0224609375 0.03882783882783883
0 0.0078125 0.6824175824175824 0.015625 0.034432234432234435
0 0.00634765625 0.6457875457875458 0.0126953125 0.034432234432234435
0 0.005859375 0.5684981684981685 0.01171875 0.0380952380952381
0 0.08168705174180327 0.8359694949858885 0.11454597848360654 0.06900858704137389
0 0.1014542385463801 0.6227106227106227 0.1267366020927602 0.028839938342200798
0 0.09412118212669685 0.6527107884573947 0.11754100678733033 0.03248636732799628
0 0.11817831888686131 0.6860689838065404 0.16995038777372262 0.0446654401405533
0 0.11611441660026586 0.717191255200305 0.16706288885746606 0.05269752871562828
0 0.064453125 0.7373626373626374 0.06640625 0.040293040293040296
0 0.08331492152149321 0.7733379742429516 0.10998921804298642 0.055100856910811645
0 0.08249964649321267 0.8034060961662772 0.10843820701357466 0.0620522765319146
0 0.1181640625 0.5663003663003663 0.177734375 0.063003663003663
0 0.44873046875 0.6223443223443224 0.0693359375 0.2542124542124542
