0 0.8930402930402931 0.86181640625 0.05128205128205128 0.0263671875
0 0.832967032967033 0.9296875 0.19047619047619047 0.03515625
0 0.8967032967032967 0.8935546875 0.05128205128205128 0.025390625
0 0.14871794871794872 0.20361328125 0.02783882783882784 0.0166015625
0 0.7802197802197802 0.40673828125 0.011721611721611722 0.0322265625
0 0.8322344322344323 0.89111328125 0.05274725274725275 0.0244140625
0 0.4205128205128205 0.86474609375 0.6051282051282051 0.1611328125
0 0.7608058608058608 0.8525390625 0.05641025641025641 0.02734375
0 0.951649834645786 0.868387446229757 0.0468834808915781 0.03470948254048589
0 0.7637362637362637 0.8876953125 0.05934065934065934 0.02734375
0 0.828937728937729 0.857421875 0.05347985347985348 0.025390625
