0 0.7113095238095238 0.36955727601607335 0.1484375 0.08017817371937644
0 0.14892578125 0.9008908685968819 0.0341796875 0.012620638455827766
0 0.1650390625 0.8893838158871566 0.072265625 0.013363028953229399
0 0.46923828125 0.8678544914625093 0.1787109375 0.14105419450631032
0 0.20751953125 0.8448403860430587 0.2802734375 0.12472160356347439
0 0.3642578125 0.6288047512991833 0.115234375 0.023756495916852263
0 0.3642578125 0.6102890120203227 0.08203125 0.020874980239606076
0 0.2138671875 0.6061618411284335 0.16796875 0.07349665924276169
0 0.712890625 0.42947290274684485 0.15625 0.07646622123236822
0 0.68359375 0.8171539340804376 0.046875 0.3051224944320713
0 0.416015625 0.6993318485523385 0.1015625 0.050482553823311065
0 0.72900390625 0.6770601336302895 0.0869140625 0.44097995545657015
0 0.7900390625 0.7906458797327395 0.044921875 0.10393466963622866
0 0.80908203125 0.9484038604305864 0.0361328125 0.0334075723830735
0 0.2578125 0.9773570898292502 0.1015625 0.01855976243504083
0 0.503570556640625 0.9786408067310073 0.13739013671875 0.017786439000247577
0 0.3681640625 0.9792130660727543 0.083984375 0.019302152932442463
