0 0.6509310134310134 0.8874715169270834 0.16486568986568992 0.05814615885416674
0 0.2915750915750916 0.63671875 0.2358974358974359 0.119140625
0 0.2926739926739927 0.708984375 0.22197802197802197 0.07421875
0 0.4501831501831502 0.66162109375 0.04468864468864469 0.0947265625
0 0.49304029304029307 0.662109375 0.04395604395604396 0.09765625
0 0.5380952380952381 0.66943359375 0.03882783882783883 0.0947265625
0 0.5794871794871795 0.67431640625 0.041025641025641026 0.1005859375
0 0.6490842490842491 0.673828125 0.02783882783882784 0.1328125
0 0.40366300366300367 0.79541015625 0.315018315018315 0.1123046875
0 0.3556776556776557 0.86474609375 0.0945054945054945 0.0380859375
0 0.6146520146520147 0.78759765625 0.03223443223443224 0.0771484375
0 0.6552655677655678 0.859375 0.12893772893772895 0.052734375
0 0.3747252747252747 0.06640625 0.2087912087912088 0.076171875
0 0.5824175824175825 0.08837890625 0.20512820512820512 0.1083984375
0 0.4879120879120879 0.1435546875 0.05567765567765568 0.021484375
0 0.5542124542124542 0.15380859375 0.05641025641025641 0.0263671875
0 0.6065934065934065 0.16455078125 0.04249084249084249 0.0283203125
0 0.6622710622710622 0.18408203125 0.05128205128205128 0.0439453125
0 0.663003663003663 0.7998046875 0.06593406593406594 0.07421875
0 0.4604395604395604 0.8603515625 0.10036630036630037 0.041015625
