0 0.7567765567765568 0.66259765625 0.09377289377289377 0.0322265625
0 0.26295207140277566 0.597683758802817 0.21841820151679306 0.027398767605633867
0 0.886080586080586 0.56787109375 0.18974358974358974 0.0322265625
0 0.7586080586080586 0.7119140625 0.09304029304029304 0.03125
0 0.35714285714285715 0.81640625 0.18974358974358974 0.072265625
0 0.08388278388278388 0.60595703125 0.08571428571428572 0.0322265625
0 0.9051282051282051 0.70654296875 0.1619047619047619 0.0400390625
0 0.9025641025641026 0.65771484375 0.16117216117216118 0.0400390625
0 0.3578754578754579 0.6806640625 0.6454212454212455 0.162109375
0 0.5974827722361363 0.8090250173271363 0.2775854282703598 0.0685199058219178
