0 0.9102564102564102 0.93017578125 0.018315018315018316 0.0966796875
0 0.2857142857142857 0.82080078125 0.12747252747252746 0.0341796875
0 0.8279146141215107 0.33935546875 0.11883289124668439 0.5478515625
0 0.8466422466422465 0.6201676993534483 0.09784289784289792 0.033970156848659006
0 0.8608058608058609 0.85888671875 0.04981684981684982 0.2412109375
0 0.8970695970695971 0.716796875 0.01684981684981685 0.07421875
0 0.9054945054945055 0.8544921875 0.014652014652014652 0.046875
0 0.41135531135531134 0.8203125 0.11648351648351649 0.03515625
0 0.2772893772893773 0.78076171875 0.02564102564102564 0.0283203125
0 0.9032967032967033 0.7939453125 0.01904761904761905 0.0703125
0 0.6516483516483517 0.83837890625 0.02271062271062271 0.0302734375
0 0.580952380952381 0.83056640625 0.09963369963369964 0.0341796875
0 0.5029304029304029 0.8251953125 0.05347985347985348 0.029296875
0 0.23736263736263735 0.77880859375 0.03076923076923077 0.0322265625
0 0.48095238095238096 0.7451171875 0.3509157509157509 0.115234375
