0 0.6348997682005495 0.548102081069114 0.3512942135989011 0.09793503200096605
0 0.43505859375 0.773992673992674 0.1181640625 0.07985347985347985
0 0.59765625 0.7589743589743589 0.11328125 0.07326007326007326
0 0.60009765625 0.826007326007326 0.1142578125 0.073992673992674
0 0.4384765625 0.843956043956044 0.119140625 0.08058608058608059
0 0.287109375 0.7875457875457875 0.119140625 0.08058608058608059
0 0.46875 0.4098901098901099 0.71484375 0.1663003663003663
0 0.609375 0.0761904761904762 0.0703125 0.02783882783882784
0 0.26740105597527475 0.5232057319969408 0.32457288804945056 0.09644567886326127
0 0.2900390625 0.8597069597069598 0.119140625 0.07985347985347985
