0 0.60400390625 0.8586080586080586 0.1943359375 0.0336996336996337
0 0.455078125 0.8637362637362638 0.0625 0.03076923076923077
0 0.26611328125 0.8446886446886447 0.1572265625 0.03223443223443224
0 0.89208984375 0.6611721611721612 0.0556640625 0.027106227106227107
0 0.83203125 0.6600732600732601 0.0625 0.03076923076923077
0 0.78173828125 0.6597069597069597 0.0419921875 0.02271062271062271
0 0.74169921875 0.6593406593406593 0.0341796875 0.020512820512820513
0 0.69384765625 0.6608058608058608 0.0673828125 0.02490842490842491
0 0.63037109375 0.6622710622710622 0.0634765625 0.026373626373626374
0 0.38206348604368934 0.6152423628151783 0.39536559466019416 0.12802731249333188
