0 0.3359375 0.575091575091575 0.052734375 0.0336996336996337
0 0.4072265625 0.53003663003663 0.05078125 0.034432234432234435
0 0.34375 0.9010989010989011 0.060546875 0.041025641025641026
0 0.3486328125 0.8446886446886447 0.056640625 0.03956043956043956
0 0.35302734375 0.7879120879120879 0.0537109375 0.03882783882783883
0 0.349609375 0.9652014652014652 0.16015625 0.040293040293040296
0 0.3544921875 0.7334793411716488 0.060546875 0.03736263736263736
0 0.35956962958916083 0.6794871794871795 0.0556640625 0.03736263736263736
0 0.36083984375 0.6271062271062271 0.0498046875 0.03663003663003663
0 0.40576171875 0.5769230769230769 0.0537109375 0.03736263736263736
0 0.37548828125 0.40369374215528064 0.1416015625 0.19774072081764388
0 0.33935546875 0.5278388278388279 0.0517578125 0.03736263736263736
