0 0.18359375 0.9058608058608059 0.01171875 0.009523809523809525
0 0.1943359375 0.9047619047619048 0.01171875 0.013186813186813187
0 0.2060546875 0.9062271062271062 0.009765625 0.008791208791208791
0 0.2333984375 0.9054945054945055 0.009765625 0.008791208791208791
0 0.244140625 0.9036630036630037 0.0078125 0.012454212454212455
0 0.25634765625 0.9043956043956044 0.0107421875 0.009523809523809525
0 0.9501953125 0.5069597069597069 0.099609375 0.0336996336996337
0 0.447265625 0.6241758241758242 0.42578125 0.14505494505494507
0 0.64990234375 0.7538461538461538 0.0927734375 0.02197802197802198
0 0.17333984375 0.9047619047619048 0.0126953125 0.013186813186813187
0 0.22265625 0.9036630036630037 0.01171875 0.01391941391941392
0 0.451171875 0.9622710622710623 0.02734375 0.012454212454212455
0 0.7982889811197917 0.17399267399267399 0.10630289713541663 0.0953907203907204
