0 0.36336996336996336 0.93505859375 0.07765567765567766 0.0244140625
0 0.36446886446886445 0.8994140625 0.07545787545787545 0.025390625
0 0.5256410256410257 0.97802734375 0.035897435897435895 0.0146484375
0 0.5168498168498169 0.98974609375 0.01684981684981685 0.0126953125
0 0.5336996336996337 0.990234375 0.018315018315018316 0.01171875
0 0.41098901098901097 0.94140625 0.007326007326007326 0.017578125
0 0.4128205128205128 0.953125 0.01391941391941392 0.013671875
0 0.14615384615384616 0.70361328125 0.03736263736263736 0.0126953125
0 0.14615384615384616 0.71630859375 0.03882783882783883 0.0146484375
0 0.593040293040293 0.45068359375 0.3567765567765568 0.1220703125
0 0.5498168498168499 0.677734375 0.4065934065934066 0.11328125
0 0.41208791208791207 0.91357421875 0.01098901098901099 0.0322265625
0 0.4183150183150183 0.85888671875 0.020512820512820513 0.0322265625
0 0.34835164835164834 0.83349609375 0.030036630036630037 0.0419921875
0 0.5487179487179488 0.578125 0.126007326007326 0.064453125
