0 0.5534798534798535 0.61572265625 0.47545787545787543 0.1064453125
0 0.27582417582417584 0.86279296875 0.14871794871794872 0.0537109375
0 0.4666666666666667 0.86279296875 0.126007326007326 0.0498046875
0 0.7791208791208791 0.86328125 0.20732600732600734 0.05078125
0 0.5391941391941392 0.42138671875 0.6241758241758242 0.2431640625
0 0.6633699633699633 0.75146484375 0.15457875457875458 0.0693359375
0 0.8296703296703297 0.7490234375 0.16923076923076924 0.07421875
0 0.6120879120879121 0.8623046875 0.07106227106227106 0.048828125
0 0.23553113553113553 0.7490234375 0.13846153846153847 0.068359375
0 0.38644688644688646 0.755859375 0.14725274725274726 0.080078125
0 0.5241758241758242 0.7509765625 0.10915750915750916 0.072265625
