0 0.48827838827838826 0.6591796875 0.12234432234432234 0.076171875
0 0.16117216117216118 0.80419921875 0.3194139194139194 0.1318359375
0 0.3293040293040293 0.69970703125 0.11501831501831501 0.0712890625
0 0.5831501831501832 0.56591796875 0.2358974358974359 0.1435546875
0 0.41721611721611723 0.626953125 0.0945054945054945 0.072265625
0 0.6271062271062271 0.697265625 0.4512820512820513 0.181640625
0 0.2695970695970696 0.6572265625 0.20073260073260074 0.123046875
0 0.42234432234432234 0.5302734375 0.4271062271062271 0.220703125
0 0.45384615384615384 0.3603515625 0.5912087912087912 0.3671875
0 0.4684981684981685 0.2490234375 0.31135531135531136 0.171875
