0 0.466796875 0.4340659340659341 0.111328125 0.0315018315018315
0 0.56982421875 0.43663003663003663 0.0751953125 0.03223443223443224
0 0.653931517701049 0.4382130689822997 0.07544116040209792 0.029068367529906013
0 0.80078125 0.47509157509157507 0.0546875 0.01978021978021978
0 0.865234375 0.47619047619047616 0.0703125 0.020512820512820513
0 0.9208984375 0.4776556776556777 0.037109375 0.020512820512820513
0 0.03125 0.4622710622710623 0.056640625 0.017582417582417582
0 0.185546875 0.42417582417582417 0.18359375 0.06153846153846154
0 0.73583984375 0.4736263736263736 0.0712890625 0.01978021978021978
0 0.19384765625 0.4663003663003663 0.1650390625 0.02271062271062271
0 0.3447265625 0.4326007326007326 0.111328125 0.03296703296703297
0 0.087890625 0.46263736263736266 0.046875 0.018315018315018316
0 0.04296875 0.4227106227106227 0.03125 0.026373626373626374
