0 0.6640625 0.6641025641025641 0.107421875 0.13992673992673993
0 0.3955078125 0.2695970695970696 0.259765625 0.3575091575091575
0 0.31884765625 0.07032967032967033 0.0283203125 0.020512820512820513
0 0.2744140625 0.8721611721611722 0.197265625 0.07692307692307693
0 0.4755859375 0.578021978021978 0.134765625 0.17582417582417584
0 0.58154296875 0.6593406593406593 0.2177734375 0.3619047619047619
0 0.72900390625 0.8252747252747252 0.1044921875 0.1443223443223443
0 0.65185546875 0.9267399267399268 0.0439453125 0.01611721611721612
0 0.68701171875 0.9010989010989011 0.0263671875 0.046886446886446886
0 0.63330078125 0.8637362637362638 0.1181640625 0.05128205128205128
0 0.55322265625 0.7652014652014651 0.1396484375 0.18827838827838828
0 0.16379054588607594 0.6669912366114897 0.06057159810126583 0.07928780080678818
