0 0.76806640625 0.8007326007326008 0.0888671875 0.029304029304029304
0 0.77001953125 0.8267399267399267 0.0869140625 0.030036630036630037
0 0.6201171875 0.8684981684981685 0.041015625 0.018315018315018316
0 0.67724609375 0.8717948717948718 0.0634765625 0.01904761904761905
0 0.85791015625 0.7831501831501831 0.0830078125 0.029304029304029304
0 0.8603515625 0.8080586080586081 0.08203125 0.02783882783882784
0 0.8642578125 0.8340659340659341 0.0859375 0.027106227106227107
0 0.8209197215544872 0.8606602798910491 0.17261368189102566 0.03399079552925716
0 0.76513671875 0.7743589743589744 0.0888671875 0.03076923076923077
0 0.53076171875 0.8080586080586081 0.3525390625 0.11282051282051282
