0 0.3544921875 0.4106227106227106 0.1640625 0.02857142857142857
0 0.4033203125 0.24578754578754577 0.279296875 0.034432234432234435
0 0.43017578125 0.1901098901098901 0.3369140625 0.03736263736263736
0 0.41650390625 0.46703296703296704 0.2763671875 0.034432234432234435
0 0.3916015625 0.5208791208791209 0.220703125 0.035164835164835165
0 0.39306640625 0.5743589743589743 0.2177734375 0.0336996336996337
0 0.36865234375 0.6293040293040293 0.1630859375 0.03076923076923077
0 0.56787109375 0.21318681318681318 0.0576171875 0.023443223443223443
0 0.5703125 0.2673992673992674 0.0546875 0.02197802197802198
0 0.57275390625 0.3201465201465201 0.0556640625 0.02490842490842491
0 0.57763671875 0.48827838827838826 0.0498046875 0.021245421245421246
0 0.5810546875 0.5406593406593406 0.0703125 0.02490842490842491
0 0.36962890625 0.7157509157509158 0.1884765625 0.04249084249084249
0 0.3798828125 0.3553113553113553 0.22265625 0.03223443223443224
0 0.5107421875 0.13076923076923078 0.208984375 0.060805860805860805
0 0.7841796875 0.126007326007326 0.279296875 0.06153846153846154
0 0.5849609375 0.643956043956044 0.07421875 0.02490842490842491
0 0.58251953125 0.5926739926739927 0.0732421875 0.02490842490842491
0 0.57666015625 0.4271062271062271 0.0595703125 0.02490842490842491
0 0.57421875 0.373992673992674 0.060546875 0.024175824175824177
0 0.40625 0.2996336996336996 0.27734375 0.035164835164835165
