0 0.6476190476190476 0.86669921875 0.03956043956043956 0.0126953125
0 0.8278388278388278 0.76611328125 0.07765567765567766 0.0419921875
0 0.2725274725274725 0.68310546875 0.463003663003663 0.1005859375
0 0.9706959706959707 0.32080078125 0.04981684981684982 0.3583984375
0 0.3047619047619048 0.89208984375 0.08791208791208792 0.0458984375
0 0.20842490842490843 0.88623046875 0.06227106227106227 0.0205078125
0 0.45714285714285713 0.8974609375 0.05128205128205128 0.060546875
0 0.4084249084249084 0.89794921875 0.021245421245421246 0.0400390625
0 0.2725274725274725 0.92578125 0.17875457875457876 0.01953125
0 0.1934065934065934 0.90478515625 0.0380952380952381 0.0126953125
0 0.5846153846153846 0.90380859375 0.04249084249084249 0.0166015625
0 0.5846153846153846 0.96630859375 0.046886446886446886 0.0185546875
0 0.4897435897435897 0.92041015625 0.01391941391941392 0.0205078125
0 0.6076923076923076 0.86474609375 0.040293040293040296 0.0185546875
0 0.43663003663003663 0.7978515625 0.03956043956043956 0.01171875
0 0.1498168498168498 0.7998046875 0.04908424908424908 0.009765625
0 0.3952380952380952 0.9033203125 0.009523809523809525 0.013671875
0 0.421978021978022 0.9033203125 0.008791208791208791 0.01171875
0 0.7717948717948718 0.68798828125 0.3347985347985348 0.1025390625
0 0.5139194139194139 0.96142578125 0.012454212454212455 0.0771484375
0 0.0945054945054945 0.93603515625 0.01904761904761905 0.0224609375
0 0.2194139194139194 0.990234375 0.035897435897435895 0.01953125
0 0.9102564102564102 0.7685546875 0.07252747252747253 0.04296875
0 0.23003027341422133 0.9045383676789587 0.02939937864015954 0.011439126898047713
