0 0.8935546875 0.9593406593406594 0.212890625 0.073992673992674
0 0.70556640625 0.29194139194139196 0.0205078125 0.02564102564102564
0 0.66064453125 0.31135531135531136 0.0771484375 0.046886446886446886
0 0.63671875 0.1391941391941392 0.119140625 0.1978021978021978
0 0.41552734375 0.6347985347985348 0.7958984375 0.22344322344322345
0 0.6533203125 0.23626373626373626 0.09765625 0.07985347985347985
0 0.240234375 0.7 0.43359375 0.09597069597069598
0 0.6450088389598541 0.7532793240822437 0.309548927919708 0.06773080933664873
0 0.66015625 0.27912087912087913 0.091796875 0.07765567765567766
0 0.875 0.6076923076923076 0.12890625 0.2893772893772894
