0 0.18168498168498168 0.84326171875 0.0761904761904762 0.0966796875
0 0.2772893772893773 0.6416015625 0.2717948717948718 0.25
0 0.17509157509157508 0.78076171875 0.060073260073260075 0.0830078125
0 0.2468864468864469 0.74560546875 0.07765567765567766 0.1025390625
0 0.3476190476190476 0.6904296875 0.12527472527472527 0.126953125
0 0.23663003663003662 0.8134765625 0.035164835164835165 0.072265625
0 0.2875457875457875 0.791015625 0.05934065934065934 0.09375
0 0.363003663003663 0.74609375 0.09597069597069598 0.107421875
0 0.6534798534798535 0.42822265625 0.18315018315018314 0.1669921875
0 0.6318681318681318 0.54150390625 0.06227106227106227 0.0908203125
0 0.7380952380952381 0.49072265625 0.0652014652014652 0.0888671875
0 0.6402930402930402 0.6025390625 0.0380952380952381 0.076171875
0 0.7377289377289378 0.556640625 0.05860805860805861 0.09375
0 0.6989010989010989 0.28515625 0.3457875457875458 0.298828125
0 0.7904761904761904 0.35302734375 0.063003663003663 0.0849609375
0 0.2868131868131868 0.5322265625 0.26886446886446885 0.265625
