0 0.5556640625 0.4230769230769231 0.0859375 0.304029304029304
0 0.27978515625 0.5304029304029304 0.0068359375 0.014652014652014652
0 0.87158203125 0.9395604395604396 0.0380859375 0.012454212454212455
0 0.15976855887875535 0.5807394156231366 0.03788475724248927 0.0761904761904762
0 0.92529296875 0.941025641025641 0.0615234375 0.015384615384615385
0 0.2060546875 0.5923076923076923 0.04296875 0.07838827838827839
0 0.89306640625 0.9113553113553113 0.1533203125 0.04542124542124542
0 0.83056640625 0.9399267399267399 0.0400390625 0.013186813186813187
0 0.33349609375 0.8586080586080586 0.1142578125 0.03663003663003663
0 0.6279296875 0.8384615384615385 0.037109375 0.02564102564102564
0 0.6279296875 0.8179487179487179 0.033203125 0.02857142857142857
0 0.318359375 0.7743589743589744 0.5859375 0.14945054945054945
