0 0.2626953125 0.3498168498168498 0.048828125 0.05054945054945055
0 0.92919921875 0.24212454212454212 0.0361328125 0.04322344322344322
0 0.88525390625 0.21465201465201464 0.0634765625 0.02197802197802198
0 0.0380859375 0.29523809523809524 0.046875 0.1509157509157509
0 0.1123046875 0.29706959706959707 0.052734375 0.15311355311355312
0 0.18710553698144106 0.2992418062287058 0.050964621997816595 0.1531647391909401
0 0.262258204830786 0.2626789513252395 0.047749215338427964 0.07683989954732312
0 0.3371699304039301 0.30146520146520145 0.048316389192139764 0.15311355311355312
0 0.41162109375 0.3018315018315018 0.0498046875 0.1523809523809524
0 0.48828125 0.3029304029304029 0.052734375 0.15457875457875458
0 0.564453125 0.30366300366300364 0.05078125 0.15457875457875458
0 0.6411818119517543 0.3042220936957779 0.047988623903508665 0.15346057451320613
0 0.717053865131579 0.305320994794679 0.051295230263157854 0.15565837671100832
0 0.82080078125 0.236996336996337 0.0654296875 0.05787545787545788
0 0.872297932330827 0.3059847420749676 0.14024318609022557 0.01982979426588452
0 0.86669921875 0.3688644688644689 0.1376953125 0.02271062271062271
0 0.8701171875 0.3362637362637363 0.12109375 0.0336996336996337
0 0.13037109375 0.49413919413919416 0.0126953125 0.012454212454212455
