0 0.23583984375 0.7644688644688644 0.0673828125 0.009523809523809525
0 0.18016442587209303 0.2175824175824176 0.041015625 0.010256410256410256
0 0.3671875 0.7644688644688644 0.08203125 0.01391941391941392
0 0.29736328125 0.764102564102564 0.0419921875 0.011721611721611722
0 0.83203125 0.7582417582417582 0.060546875 0.029304029304029304
0 0.3056640625 0.7410256410256411 0.197265625 0.030036630036630037
0 0.4677734375 0.7586080586080586 0.060546875 0.027106227106227107
0 0.54052734375 0.7578754578754578 0.0595703125 0.02857142857142857
0 0.61376953125 0.7575091575091575 0.0595703125 0.02783882783882784
0 0.93359375 0.7582417582417582 0.119140625 0.029304029304029304
0 0.7578125 0.7582417582417582 0.060546875 0.029304029304029304
0 0.68603515625 0.7582417582417582 0.0595703125 0.029304029304029304
0 0.638671875 0.9445519997244135 0.021484375 0.010256410256410256
0 0.09888503725165562 0.727991655143973 0.17203021523178808 0.09751837566407101
