0 0.7285714285714285 0.966796875 0.03736263736263736 0.06640625
0 0.3967032967032967 0.66357421875 0.08864468864468865 0.1142578125
0 0.7252747252747253 0.91455078125 0.04981684981684982 0.0517578125
0 0.2413919413919414 0.369140625 0.09743589743589744 0.0625
0 0.3468864468864469 0.38818359375 0.10036630036630037 0.0986328125
0 0.19743589743589743 0.63330078125 0.10329670329670329 0.1416015625
0 0.6172161172161172 0.724609375 0.2175824175824176 0.1953125
0 0.5937728937728938 0.54443359375 0.22344322344322345 0.2060546875
0 0.295970695970696 0.52392578125 0.15677655677655677 0.2041015625
0 0.30146520146520145 0.6982421875 0.10329670329670329 0.060546875
