0 0.46826171875 0.45231846019247596 0.0322265625 0.0857392825896763
0 0.13330078125 0.25984251968503935 0.1533203125 0.0594925634295713
0 0.66845703125 0.3311461067366579 0.0791015625 0.03937007874015748
0 0.85400390625 0.35345581802274717 0.0595703125 0.031496062992125984
0 0.07958984375 0.4195100612423447 0.1123046875 0.02712160979877515
0 0.36767578125 0.44138232720909887 0.0517578125 0.021872265966754154
0 0.8984375 0.0804899387576553 0.078125 0.09448818897637795
0 0.87841796875 0.21391076115485563 0.0849609375 0.04286964129483815
0 0.484375 0.09536307961504811 0.17578125 0.11548556430446194
0 0.27197265625 0.2777777777777778 0.0673828125 0.04286964129483815
0 0.4482421875 0.30183727034120733 0.1015625 0.04374453193350831
0 0.541015625 0.3132108486439195 0.044921875 0.031496062992125984
0 0.7373046875 0.33858267716535434 0.03515625 0.02799650043744532
0 0.90673828125 0.36089238845144356 0.0283203125 0.023622047244094488
0 0.25146484375 0.4378827646544182 0.0478515625 0.01837270341207349
0 0.3037109375 0.4378827646544182 0.0546875 0.020122484689413824
0 0.830078125 0.4995625546806649 0.06640625 0.02099737532808399
0 0.9384765625 0.5958005249343832 0.123046875 0.05599300087489064
0 0.6240234375 0.510061242344707 0.130859375 0.026246719160104987
0 0.61572265625 0.45231846019247596 0.1845703125 0.045494313210848646
0 0.8271484375 0.46150481189851267 0.078125 0.021872265966754154
0 0.88232421875 0.23972003499562555 0.0849609375 0.04374453193350831
