0 0.736328125 0.6516483516483517 0.099609375 0.02564102564102564
0 0.14208984375 0.7754578754578755 0.1318359375 0.035897435897435895
0 0.27490234375 0.764102564102564 0.1376953125 0.03663003663003663
0 0.39111328125 0.7545787545787546 0.0751953125 0.03076923076923077
0 0.4814453125 0.7472527472527473 0.076171875 0.03076923076923077
0 0.56689453125 0.7413919413919414 0.0830078125 0.03223443223443224
0 0.65283203125 0.7347985347985349 0.0830078125 0.03223443223443224
0 0.8613903264331211 0.7188516366860316 0.27721934713375795 0.04429667996546972
0 0.12841796875 0.8388278388278388 0.1318359375 0.035164835164835165
0 0.26318359375 0.8252747252747252 0.1064453125 0.03296703296703297
0 0.532957429339172 0.8007092694990786 0.38916326632165604 0.055099041086302245
0 0.16455078125 0.8846153846153846 0.3056640625 0.0945054945054945
0 0.6328125 0.856043956043956 0.65625 0.11794871794871795
0 0.857421875 0.6406593406593407 0.10546875 0.027106227106227107
0 0.1494140625 0.2714285714285714 0.19921875 0.31135531135531136
0 0.048828125 0.4989010989010989 0.078125 0.063003663003663
0 0.357421875 0.672893772893773 0.482421875 0.12527472527472527
