0 0.5421245421245421 0.54541015625 0.16556776556776556 0.0595703125
0 0.34395604395604396 0.48291015625 0.1794871794871795 0.0888671875
0 0.5274725274725275 0.25390625 0.07912087912087912 0.060546875
0 0.44065934065934065 0.27001953125 0.07985347985347985 0.0634765625
0 0.5970695970695971 0.24267578125 0.04249084249084249 0.0556640625
0 0.8501831501831502 0.814453125 0.07252747252747253 0.33984375
0 0.36153846153846153 0.66015625 0.1413919413919414 0.056640625
0 0.4380952380952381 0.71923828125 0.3120879120879121 0.1259765625
0 0.2915750915750916 0.86669921875 0.13186813186813187 0.0556640625
0 0.4399267399267399 0.84912109375 0.136996336996337 0.0556640625
