0 0.6472527472527473 0.185546875 0.047619047619047616 0.060546875
0 0.5637362637362637 0.88525390625 0.01684981684981685 0.0166015625
0 0.7721611721611722 0.51025390625 0.24615384615384617 0.1279296875
0 0.8234432234432234 0.19140625 0.04835164835164835 0.0234375
0 0.8274725274725274 0.21240234375 0.05054945054945055 0.0263671875
0 0.8527472527472527 0.07666015625 0.0673992673992674 0.1533203125
0 0.9362637362637363 0.0546875 0.07326007326007326 0.107421875
0 0.45604395604395603 0.31494140625 0.17362637362637362 0.0927734375
0 0.6695970695970695 0.35205078125 0.23736263736263735 0.0986328125
0 0.7238095238095238 0.57421875 0.07326007326007326 0.03515625
0 0.8256410256410256 0.58447265625 0.10695970695970695 0.0380859375
0 0.6161172161172161 0.1513671875 0.03663003663003663 0.046875
0 0.5695970695970696 0.20751953125 0.432967032967033 0.2412109375
