0 0.26025390625 0.9457274826789839 0.0673828125 0.02848344880677444
0 0.1103515625 0.6016166281755196 0.205078125 0.1100846805234796
0 0.17041015625 0.9449576597382602 0.0283203125 0.03002309468822171
0 0.6298828125 0.9376443418013857 0.384765625 0.05542725173210162
0 0.2919921875 0.6247113163972287 0.1484375 0.09930715935334873
0 0.482421875 0.6235565819861432 0.21875 0.09853733641262509
0 0.2060546875 0.9457274826789839 0.04296875 0.02848344880677444
0 0.7861328125 0.6401077752117013 0.294921875 0.06235565819861432
0 0.34912109375 0.945342571208622 0.0908203125 0.018475750577367205
0 0.94970703125 0.947267128560431 0.0869140625 0.06081601231716705
