0 0.9428152492668622 0.8093841642228738 0.016129032258064516 0.03714565004887586
0 0.25109970674486803 0.7712609970674487 0.08431085043988269 0.02932551319648094
0 0.33357771260997066 0.8132942326490714 0.03372434017595308 0.02346041055718475
0 0.4307184750733138 0.7971652003910068 0.06964809384164222 0.10654936461388075
0 0.8053519061583577 0.8411534701857283 0.019794721407624633 0.03225806451612903
0 0.6389296187683284 0.803030303030303 0.31158357771260997 0.1300097751710655
0 0.3819648093841642 0.8176930596285436 0.03372434017595308 0.022482893450635387
0 0.30058651026392963 0.7404692082111437 0.0967741935483871 0.030303030303030304
0 0.18658357771260997 0.7678396871945259 0.012463343108504398 0.022482893450635387
0 0.20417888563049855 0.7326490713587488 0.04325513196480939 0.026392961876832845
0 0.8995601173020528 0.5606060606060606 0.0689149560117302 0.5562072336265884
0 0.4080353985981989 0.7626019980172348 0.14064807304340593 0.19758324494082904
