0 0.03768584356819651 0.2607996323529412 0.06089204912734325 0.17922794117647056
0 0.015018315018315019 0.39501953125 0.024175824175824177 0.0400390625
0 0.05824175824175824 0.43017578125 0.04322344322344322 0.0498046875
0 0.03736263736263736 0.4541015625 0.02197802197802198 0.044921875
0 0.06666666666666667 0.47705078125 0.02197802197802198 0.0439453125
0 0.5487179487179488 0.60888671875 0.8336996336996337 0.2373046875
0 0.051648351648351645 0.6708984375 0.06227106227106227 0.109375
0 0.12313167259786478 0.7527263817838078 0.07336957230195665 0.027055299154804313
0 0.20073260073260074 0.7431640625 0.05860805860805861 0.02734375
0 0.29853479853479853 0.7294921875 0.0695970695970696 0.037109375
0 0.44065934065934065 0.71875 0.0315018315018315 0.025390625
0 0.5351648351648352 0.70263671875 0.08424908424908426 0.0361328125
0 0.2978021978021978 0.7685546875 0.07106227106227106 0.0390625
0 0.5362637362637362 0.74462890625 0.08498168498168499 0.0361328125
0 0.8463351463351464 0.699090514520202 0.27326007326007323 0.0712890625
0 0.7256410256410256 0.91455078125 0.01978021978021978 0.0107421875
0 0.76007326007326 0.91162109375 0.035897435897435895 0.0224609375
0 0.8578754578754578 0.90478515625 0.041025641025641026 0.0205078125
0 0.7604395604395604 0.9345703125 0.0336996336996337 0.021484375
0 0.8608058608058609 0.92919921875 0.04249084249084249 0.0224609375
0 0.9572863917691503 0.9306640625 0.027393296358813574 0.017578125
0 0.9494505494505494 0.97265625 0.011721611721611722 0.01953125
0 0.9692307692307692 0.97119140625 0.011721611721611722 0.0185546875
0 0.9615384615384616 0.99267578125 0.02857142857142857 0.0146484375
0 0.3809914877530536 0.7211809803158363 0.07646683091522959 0.033470723976868344
0 0.6430664573521716 0.7326311383928572 0.09052851909994766 0.0366908482142857
0 0.6362840862840863 0.6919759114583334 0.10105820105820099 0.03597005208333326
0 0.4399267399267399 0.75634765625 0.035897435897435895 0.0283203125
0 0.6937693603288458 0.915532053858521 0.0380881712071423 0.020498392282958133
0 0.694240486201901 0.9397938228496785 0.03903042295325257 0.01940878717845651
0 0.7960640666523019 0.909457337622549 0.03754937872584931 0.018975949754902022
0 0.7971486030309559 0.93310546875 0.03753501400560225 0.0185546875
0 0.9018869576638501 0.9024449078685258 0.043780920274944186 0.021398779880478003
0 0.9056214701633027 0.92822265625 0.03981436889803412 0.0185546875
0 0.823076923076923 0.91015625 0.01684981684981685 0.017578125
0 0.8241758241758241 0.93408203125 0.014652014652014652 0.0185546875
0 0.12114504712369481 0.7921294622998221 0.07336957230195665 0.027055299154804313
0 0.3799877465357892 0.760919428380783 0.07899573735872671 0.03301545818505336
