0 0.068994140625 0.9597802197802198 0.012402343750000003 0.00805860805860806
0 0.04150390625 0.046886446886446886 0.0380859375 0.029304029304029304
0 0.07074858966745842 0.03460885907441727 0.019484857482185272 0.015005263936380327
0 0.0556640625 0.0761904761904762 0.044921875 0.0336996336996337
0 0.3883964342948718 0.4653893115431577 0.19906850961538464 0.5982905982905984
0 0.05322265625 0.8970695970695971 0.0185546875 0.02857142857142857
0 0.0458984375 0.9245421245421246 0.015625 0.02783882783882784
0 0.0966796875 0.03553113553113553 0.02734375 0.02857142857142857
0 0.06591796875 0.03553113553113553 0.0087890625 0.012454212454212455
0 0.07132849614014251 0.04767995266807618 0.018788969714964375 0.013573125212080085
