0 0.45286103542234335 0.7529296875 0.03814713896457766 0.04296875
0 0.5141689373297003 0.7401572779605263 0.03978201634877378 0.041169819078947456
0 0.8163487738419618 0.73486328125 0.10136239782016349 0.0419921875
0 0.6577656675749319 0.71484375 0.06430517711171663 0.046875
0 0.17709545889070252 0.7646006581891408 0.05452842826764128 0.0860330586217184
0 0.3228882833787466 0.7138671875 0.11934604904632153 0.087890625
0 0.23487738419618528 0.80224609375 0.04141689373297003 0.0302734375
0 0.43869209809264303 0.69140625 0.06430517711171663 0.076171875
0 0.5370572207084469 0.67041015625 0.07465940054495913 0.0869140625
0 0.6678474114441417 0.64501953125 0.12370572207084468 0.1044921875
