0 0.6872403560830861 0.3212890625 0.5590504451038576 0.19921875
0 0.1916913946587537 0.544921875 0.16973293768545994 0.072265625
0 0.19228486646884274 0.60107421875 0.05459940652818991 0.0302734375
0 0.2510385756676558 0.58154296875 0.058160237388724036 0.0517578125
0 0.14896142433234422 0.6025390625 0.032047477744807124 0.03515625
0 0.12166172106824925 0.591796875 0.02373887240356083 0.02734375
0 0.8905044510385757 0.41943359375 0.13353115727002968 0.0576171875
0 0.7376854599406528 0.4306640625 0.12462908011869436 0.05859375
0 0.5804154302670623 0.44287109375 0.08071216617210683 0.0595703125
0 0.45964391691394657 0.45458984375 0.052818991097922846 0.0615234375
