0 0.6487179487179487 0.4697265625 0.5267399267399268 0.158203125
0 0.44981684981684983 0.31298828125 0.035164835164835165 0.0400390625
0 0.45604395604395603 0.251953125 0.03882783882783883 0.0546875
0 0.46593406593406594 0.15966796875 0.04395604395604396 0.1279296875
0 0.22967032967032966 0.63525390625 0.04908424908424908 0.0302734375
0 0.1912087912087912 0.59326171875 0.029304029304029304 0.1005859375
0 0.2956043956043956 0.4677734375 0.027106227106227107 0.02734375
0 0.2717948717948718 0.46240234375 0.02197802197802198 0.0166015625
0 0.23992673992673993 0.47216796875 0.035897435897435895 0.0361328125
0 0.798901098901099 0.546875 0.1413919413919414 0.056640625
0 0.615018315018315 0.56689453125 0.1282051282051282 0.0556640625
0 0.4523809523809524 0.58349609375 0.11941391941391942 0.0537109375
0 0.304029304029304 0.19140625 0.10695970695970695 0.3828125
0 0.3769230769230769 0.1875 0.09304029304029304 0.35546875
0 0.5205128205128206 0.19580078125 0.05787545787545788 0.2255859375
0 0.5776556776556776 0.1796875 0.05347985347985348 0.234375
0 0.6373626373626373 0.1669921875 0.054212454212454214 0.23828125
0 0.735897435897436 0.0869140625 0.04322344322344322 0.1640625
0 0.3010989010989011 0.58349609375 0.07032967032967033 0.1142578125
