0 0.3076171875 0.6241900647948164 0.10546875 0.047516198704103674
0 0.365234375 0.9035277177825773 0.142578125 0.04895608351331893
0 0.5517578125 0.7818574514038877 0.052734375 0.04319654427645788
0 0.427734375 0.7552195824334054 0.19140625 0.07199424046076314
0 0.53564453125 0.69150467962563 0.0263671875 0.019438444924406047
0 0.5068359375 0.6061915046796257 0.0390625 0.02591792656587473
0 0.6565402371066433 0.10521731688038384 0.06503359921328677 0.057383940753271204
0 0.6005859375 0.15226781857451405 0.04296875 0.043916486681065514
0 0.162109375 0.6000719942404608 0.185546875 0.08999280057595392
0 0.2265625 0.21022318214542837 0.046875 0.1396688264938805
0 0.2451171875 0.32181425485961124 0.03125 0.04463642908567315
0 0.6279296875 0.11087113030957524 0.107421875 0.09935205183585313
0 0.63671875 0.1378689704823614 0.109375 0.09719222462203024
0 0.73291015625 0.5784737221022318 0.3095703125 0.7465802735781137
0 0.81005859375 0.4762419006479482 0.3798828125 0.6947444204463643
0 0.2978515625 0.4762419006479482 0.314453125 0.12742980561555076
0 0.2197265625 0.5287976961843053 0.203125 0.0871130309575234
0 0.3623046875 0.5608351331893449 0.0859375 0.037437005039596835
0 0.3984375 0.5853131749460043 0.15234375 0.05183585313174946
0 0.365234375 0.8369330453563715 0.162109375 0.059755219582433405
0 0.43798828125 0.6583873290136789 0.1142578125 0.04967602591792657
0 0.53271484375 0.8772498200143989 0.1494140625 0.03959683225341973
0 0.43994140625 0.9607631389488841 0.2919921875 0.07847372210223182
0 0.5277012416294643 0.8603183173917514 0.14772251674107145 0.04034248688676346
0 0.1796875 0.8041756659467243 0.17578125 0.0619150467962563
0 0.20068359375 0.709143268538517 0.2548828125 0.1007919366450684
0 0.44249711752544524 0.680052466031725 0.13381142652671751 0.045706267162749094
0 0.313375924379771 0.6517081686900162 0.10567002624045801 0.04287595923623825
