0 0.3139194139194139 0.4619140625 0.16336996336996337 0.12109375
0 0.6501831501831502 0.46533203125 0.4490842490842491 0.1357421875
0 0.3058608058608059 0.52978515625 0.04468864468864469 0.0166015625
0 0.2553113553113553 0.5302734375 0.054945054945054944 0.015625
0 0.2282051282051282 0.73974609375 0.05641025641025641 0.0302734375
0 0.6446886446886447 0.81201171875 0.06886446886446887 0.0341796875
0 0.5761904761904761 0.81494140625 0.05934065934065934 0.0419921875
0 0.6142857142857143 0.759765625 0.23956043956043957 0.048828125
0 0.3534798534798535 0.52880859375 0.04908424908424908 0.0185546875
0 0.20036630036630038 0.76513671875 0.12087912087912088 0.1279296875
0 0.20476190476190476 0.82373046875 0.07252747252747253 0.0712890625
