0 0.4644688644688645 0.27099609375 0.008791208791208791 0.0283203125
0 0.04358974358974359 0.01953125 0.01684981684981685 0.0390625
0 0.026373626373626374 0.90478515625 0.04981684981684982 0.0166015625
0 0.028205128205128206 0.0927734375 0.05641025641025641 0.185546875
0 0.19487179487179487 0.837890625 0.2271062271062271 0.119140625
0 0.40402930402930404 0.80322265625 0.15311355311355312 0.0556640625
0 0.4021978021978022 0.8583984375 0.15384615384615385 0.05859375
0 0.6912087912087912 0.822265625 0.3728937728937729 0.126953125
0 0.7389964018282602 0.8992368985066371 0.27506240072611743 0.027698077986725744
0 0.014285714285714285 0.23681640625 0.02857142857142857 0.1533203125
