0 0.2587890625 0.7802197802197802 0.052734375 0.041025641025641026
0 0.3564453125 0.8424908424908425 0.08984375 0.063003663003663
0 0.98681640625 0.8542124542124542 0.0263671875 0.0380952380952381
0 0.5439453125 0.7886446886446886 0.173828125 0.15311355311355312
0 0.44677734375 0.7553113553113553 0.0634765625 0.04542124542124542
0 0.1728515625 0.6498168498168498 0.1015625 0.15531135531135531
0 0.1875 0.8065934065934066 0.0859375 0.14505494505494507
0 0.349609375 0.6208791208791209 0.25 0.15897435897435896
0 0.42041015625 0.7186813186813187 0.1298828125 0.05567765567765568
0 0.60986328125 0.8351648351648352 0.0341796875 0.02490842490842491
0 0.6484375 0.554945054945055 0.25390625 0.16923076923076924
0 0.2470703125 0.8333333333333334 0.041015625 0.06813186813186813
0 0.28955078125 0.827106227106227 0.0419921875 0.0673992673992674
0 0.884765625 0.8725274725274725 0.076171875 0.06593406593406594
