0 0.27001953125 0.5373626373626373 0.0478515625 0.01684981684981685
0 0.85888671875 0.7534798534798535 0.1923828125 0.047619047619047616
0 0.263671875 0.9340659340659341 0.134765625 0.041025641025641026
0 0.2646484375 0.7289377289377289 0.119140625 0.31794871794871793
0 0.2353515625 0.5164835164835165 0.03515625 0.0336996336996337
0 0.84716796875 0.7139194139194139 0.1923828125 0.05934065934065934
0 0.833984375 0.6816849816849817 0.189453125 0.05934065934065934
0 0.82470703125 0.6523809523809524 0.1923828125 0.06227106227106227
0 0.77490234375 0.4611721611721612 0.2236328125 0.3230769230769231
0 0.591796875 0.697069597069597 0.009765625 0.021245421245421246
0 0.26171875 0.9622710622710623 0.19140625 0.05054945054945055
0 0.27213541666666663 0.4965013618859772 0.10677083333333331 0.04062177139100212
