0 0.7727568381773988 0.6591796875 0.38800451884564024 0.048828125
0 0.16043956043956045 0.65771484375 0.15384615384615385 0.0341796875
0 0.6545787545787546 0.572265625 0.3904761904761905 0.119140625
0 0.25274725274725274 0.56005859375 0.358974358974359 0.1865234375
0 0.3230769230769231 0.6611328125 0.13772893772893774 0.033203125
0 0.7941391941391941 0.9541015625 0.020512820512820513 0.0390625
0 0.9395604395604396 0.8896484375 0.027106227106227107 0.025390625
0 0.9732600732600732 0.90625 0.01978021978021978 0.021484375
0 0.9706959706959707 0.94189453125 0.03956043956043956 0.0244140625
0 0.4582417582417582 0.94384765625 0.0989010989010989 0.0185546875
