0 0.16080586080586082 0.056640625 0.09157509157509157 0.087890625
0 0.46996336996336996 0.97119140625 0.027106227106227107 0.0107421875
0 0.6908424908424908 0.6318359375 0.1347985347985348 0.125
0 0.039926739926739924 0.71875 0.06227106227106227 0.080078125
0 0.023809523809523808 0.85986328125 0.047619047619047616 0.0341796875
0 0.04285714285714286 0.98388671875 0.0652014652014652 0.0322265625
0 0.29304029304029305 0.986328125 0.03223443223443224 0.01171875
0 0.11684981684981685 0.9560546875 0.027106227106227107 0.0234375
0 0.09706959706959707 0.990234375 0.05201465201465202 0.01953125
0 0.03076923076923077 0.9013671875 0.06153846153846154 0.01953125
0 0.9421245421245421 0.763671875 0.09084249084249084 0.12109375
0 0.8512820512820513 0.658203125 0.11721611721611722 0.107421875
0 0.8355311355311356 0.56640625 0.11062271062271062 0.10546875
0 0.5824175824175825 0.91796875 0.01904761904761905 0.015625
0 0.5769230769230769 0.830078125 0.021245421245421246 0.04296875
0 0.30256410256410254 0.16064453125 0.023443223443223443 0.0244140625
0 0.37655677655677655 0.4677734375 0.46153846153846156 0.3125
0 0.31684981684981683 0.14794921875 0.12380952380952381 0.1181640625
