0 0.21636053856382978 0.9472400580627444 0.26649767287234044 0.107559926244622
0 0.72265625 0.6862323294406883 0.05078125 0.02519975414874001
0 0.3037109375 0.07928703134603565 0.16015625 0.0762138905961893
0 0.33251953125 0.5464044253226797 0.1083984375 0.028272894898586354
0 0.259765625 0.186539643515673 0.05859375 0.055931161647203444
0 0.26806640625 0.2366318377381684 0.0302734375 0.03687768899815612
0 0.51171875 0.8085433312845728 0.04296875 0.03626306084818685
0 0.8606401377172802 0.9420992630746743 0.0634765625 0.023355869698832205
0 0.283203125 0.43761524277811925 0.0390625 0.05900430239704978
0 0.27587890625 0.3592501536570375 0.0361328125 0.08174554394591273
0 0.27197265625 0.2842655193607867 0.0341796875 0.04855562384757222
0 0.6279296875 0.7833435771358328 0.033203125 0.020282728948985862
0 0.6796875 0.7664413030116779 0.05078125 0.02581438229870928
0 0.7587890625 0.740319606637984 0.08203125 0.037492317148125384
0 0.84521484375 0.7129686539643516 0.0615234375 0.03196066379840197
0 0.52490234375 0.9185617701290719 0.0654296875 0.015365703749231715
0 0.9521484375 0.9483712354025814 0.078125 0.024585125998770743
0 0.3424050849780701 0.36086220468195684 0.0986328125 0.24953902888752305
0 0.7307379035894661 0.7142484640948069 0.279296875 0.12292562999385372
0 0.3642578125 0.49446834665027656 0.08984375 0.03380454824830977
0 0.2802734375 0.8466502765826674 0.345703125 0.20098340503995082
