0 0.96435546875 0.14945054945054945 0.0380859375 0.01611721611721612
0 0.3134765625 0.4 0.0390625 0.014652014652014652
0 0.31298828125 0.36227106227106226 0.0810546875 0.06373626373626373
0 0.1025390625 0.3333333333333333 0.03515625 0.011721611721611722
0 0.1025390625 0.32234432234432236 0.04296875 0.020512820512820513
0 0.3125 0.38058608058608057 0.044921875 0.015384615384615385
0 0.5517578125 0.13186813186813187 0.392578125 0.1347985347985348
0 0.4697265625 0.591941391941392 0.296875 0.4967032967032967
0 0.48486328125 0.29194139194139196 0.3759765625 0.15311355311355312
0 0.96044921875 0.1652014652014652 0.0537109375 0.015384615384615385
