0 0.61474609375 0.6703296703296703 0.1240234375 0.03663003663003663
0 0.689453125 0.6366300366300366 0.21484375 0.046886446886446886
0 0.7021484375 0.4937728937728938 0.177734375 0.0380952380952381
0 0.599609375 0.073992673992674 0.044921875 0.02783882783882784
0 0.7099609375 0.43772893772893773 0.24609375 0.04468864468864469
0 0.66845703125 0.2282051282051282 0.0849609375 0.027106227106227107
0 0.72900390625 0.29523809523809524 0.3291015625 0.06886446886446887
0 0.7109375 0.40073260073260075 0.20703125 0.04249084249084249
0 0.8203125 0.3523809523809524 0.11328125 0.026373626373626374
0 0.69921875 0.35201465201465204 0.1171875 0.030036630036630037
0 0.59814453125 0.3465201465201465 0.0654296875 0.020512820512820513
0 0.7922728531003937 0.14871794871794872 0.0478515625 0.05128205128205128
0 0.849609375 0.18949545078577335 0.017578125 0.009760132340777496
0 0.69775390625 0.5380952380952381 0.1396484375 0.03882783882783883
0 0.6962890625 0.5725274725274725 0.181640625 0.041758241758241756
0 0.69189453125 0.6047619047619047 0.1767578125 0.041758241758241756
0 0.55908203125 0.4633699633699634 0.0185546875 0.13406593406593406
0 0.55810546875 0.589010989010989 0.0166015625 0.11282051282051282
0 0.8330078125 0.6146520146520147 0.044921875 0.11868131868131868
0 0.85986328125 0.4805860805860806 0.0498046875 0.14358974358974358
0 0.89404296875 0.31575091575091574 0.0556640625 0.1728937728937729
0 0.93310546875 0.11135531135531136 0.0654296875 0.21684981684981686
0 0.67724609375 0.1498168498168498 0.0458984375 0.05201465201465202
0 0.7578125 0.684981684981685 0.134765625 0.03956043956043956
0 0.822265625 0.22454212454212455 0.033203125 0.01978021978021978
0 0.76025390625 0.23296703296703297 0.0673828125 0.01904761904761905
0 0.5966796875 0.05641025641025641 0.068359375 0.03663003663003663
