0 0.01123046875 0.007692307692307693 0.0224609375 0.015384615384615385
0 0.55322265625 0.3879120879120879 0.1201171875 0.29816849816849816
0 0.19580078125 0.3271062271062271 0.3271484375 0.09304029304029304
0 0.083984375 0.1380952380952381 0.03125 0.01391941391941392
0 0.0576171875 0.13516483516483516 0.021484375 0.012454212454212455
0 0.1220703125 0.14212454212454212 0.046875 0.01611721611721612
0 0.205078125 0.22857142857142856 0.341796875 0.1391941391941392
0 0.1806640625 0.4183150183150183 0.318359375 0.12161172161172161
0 0.171875 0.5271062271062271 0.3203125 0.11648351648351649
0 0.53125 0.18424908424908426 0.07421875 0.07692307692307693
