0 0.94091796875 0.7297698589458055 0.1181640625 0.066815144766147
0 0.76025390625 0.7264291017074982 0.2216796875 0.07052709725315516
0 0.53125 0.7223459539717891 0.220703125 0.06829992576095026
0 0.748046875 0.8062360801781737 0.212890625 0.010393466963622866
0 0.23388671875 0.7108389012620638 0.0166015625 0.021529324424647365
0 0.97802734375 0.7843355605048256 0.0439453125 0.01855976243504083
0 0.3046875 0.7757980697847068 0.185546875 0.028210838901262063
0 0.84130859375 0.933184855233853 0.3154296875 0.04899777282850779
0 0.8347274116847827 0.8416556384020314 0.0849609375 0.028210838901262063
0 0.55615234375 0.900917114725578 0.1962890625 0.08383763394899246
0 0.19921875 0.8994060876020787 0.38671875 0.08240534521158129
0 0.4287109375 0.8311061618411284 0.265625 0.030438010393466965
0 0.18359375 0.8296213808463252 0.1484375 0.028953229398663696
0 0.59326171875 0.8041763104647947 0.0693359375 0.010393466963622866
0 0.8935546875 0.7798812175204157 0.125 0.028953229398663696
0 0.6001327614379085 0.7767733671048226 0.387765522875817 0.03313099553110025
0 0.3603515625 0.7223459539717891 0.109375 0.06384558277654045
0 0.24560546875 0.7435040831477358 0.0712890625 0.011135857461024499
0 0.25244140625 0.714550853749072 0.0400390625 0.017074981440237565
0 0.8681640625 0.9896065330363771 0.05859375 0.016332590942835932
0 0.93017578125 0.9910913140311804 0.0595703125 0.014847809948032665
0 0.7974881904069768 0.8787831701800729 0.030205305232558155 0.0331485989537474
0 0.8332576308139535 0.8963933633742512 0.036337209302325535 0.010704235078814345
0 0.8709574854651163 0.8852575059132267 0.03134084302325579 0.04126309973929998
