0 0.8515625 0.6604395604395604 0.05859375 0.09597069597069598
0 0.7509765625 0.643956043956044 0.07421875 0.10695970695970695
0 0.5546875 0.6076923076923076 0.275390625 0.1912087912087912
0 0.93896484375 0.6761904761904762 0.0517578125 0.0967032967032967
0 0.07275390625 0.6652014652014652 0.0576171875 0.19926739926739928
0 0.06298828125 0.5490842490842491 0.0439453125 0.02564102564102564
0 0.57666015625 0.9010989010989011 0.0478515625 0.035164835164835165
0 0.93408203125 0.9428571428571428 0.0400390625 0.11428571428571428
0 0.58837890625 0.9622710622710623 0.0498046875 0.04322344322344322
0 0.5419921875 0.9146520146520146 0.05078125 0.1706959706959707
