0 0.5380859375 0.2391941391941392 0.1640625 0.0315018315018315
0 0.01611328125 0.6864468864468865 0.0322265625 0.0380952380952381
0 0.02001953125 0.5633699633699634 0.0400390625 0.05128205128205128
0 0.66162109375 0.8142857142857143 0.1474609375 0.030036630036630037
0 0.02001953125 0.027472527472527472 0.0400390625 0.02564102564102564
0 0.01953125 0.06043956043956044 0.0390625 0.024175824175824177
0 0.017578125 0.20952380952380953 0.021484375 0.02490842490842491
0 0.0625 0.8175824175824176 0.041015625 0.12454212454212454
0 0.74853515625 0.25384615384615383 0.0810546875 0.018315018315018316
0 0.55859375 0.5996336996336996 0.701171875 0.08864468864468865
0 0.32275390625 0.6597069597069597 0.1650390625 0.02857142857142857
0 0.57080078125 0.6615384615384615 0.1572265625 0.02783882783882784
0 0.80712890625 0.6641025641025641 0.1533203125 0.027106227106227107
0 0.69970703125 0.8846153846153846 0.0419921875 0.11208791208791209
0 0.76318359375 0.8571428571428571 0.0146484375 0.008791208791208791
0 0.02099609375 0.4358974358974359 0.0419921875 0.07765567765567766
0 0.4332703849337747 0.8091478058365476 0.2851562499999996 0.041758241758241756
