0 0.10036764705882353 0.77880859375 0.09779411764705882 0.0791015625
0 0.17223308398503911 0.6984566925578035 0.09965147908874532 0.05230536488439308
0 0.17720588235294119 0.6484375 0.07352941176470588 0.068359375
0 0.618014705882353 0.30517578125 0.1375 0.6005859375
0 0.08700980392156864 0.93994140625 0.12107843137254903 0.0556640625
0 0.6316176470588235 0.6142578125 0.1338235294117647 0.119140625
0 0.11948529411764706 0.87744140625 0.06985294117647059 0.0634765625
0 0.13786764705882354 0.8369140625 0.0375 0.046875
0 0.09926470588235294 0.82568359375 0.03823529411764706 0.0498046875
0 0.058823529411764705 0.8125 0.041176470588235294 0.0546875
0 0.18970588235294117 0.47509765625 0.07941176470588235 0.2900390625
0 0.20772058823529413 0.26318359375 0.05955882352941176 0.0576171875
0 0.22794117647058823 0.29345703125 0.03676470588235294 0.0400390625
0 0.09044117647058823 0.90673828125 0.0838235294117647 0.0478515625
0 0.057352941176470586 0.85791015625 0.051470588235294115 0.0576171875
