0 0.3779296875 0.06666666666666667 0.54296875 0.10402930402930403
0 0.20166015625 0.1956043956043956 0.1943359375 0.08351648351648351
0 0.4951171875 0.20073260073260074 0.283203125 0.08205128205128205
0 0.486328125 0.41208791208791207 0.283203125 0.07985347985347985
0 0.20166015625 0.515018315018315 0.2236328125 0.08205128205128205
0 0.5137684581043955 0.521978021978022 0.224609375 0.08278388278388278
0 0.3564453125 0.6245421245421245 0.537109375 0.08864468864468865
0 0.19921875 0.30146520146520145 0.189453125 0.07838827838827839
0 0.4912109375 0.306959706959707 0.2890625 0.08205128205128205
0 0.1923828125 0.40695970695970696 0.19921875 0.08571428571428572
